ADC1 ADC2 tv_sec tv_usec M_STAT M_POS LVDT_DL LVDT actual_speed
0 4188111 0 0 16 4562972 0 0 0
0 6329808 0 0 16 4560062 0 0 0
0 5312859 0 0 16 4557153 0 0 0
0 1940138 0 0 16 4554244 0 0 0
0 1216704 0 0 16 4551335 0 0 0
0 3636366 0 0 16 4548425 0 0 0
0 6185057 0 0 16 4545516 0 0 0
0 5764727 0 0 16 4542606 0 0 0
0 2883408 0 0 16 4539697 0 0 0
0 1052000 0 0 16 4536788 0 0 0
0 2623288 0 0 16 4533879 0 0 0
0 5770086 0 0 16 4530970 0 0 0
0 6024594 0 0 16 4528060 0 0 0
0 2927778 0 0 16 4525151 0 0 0
0 1066526 0 0 16 4522242 0 0 0
0 2599550 0 0 16 4519332 0 0 0
0 5658997 0 0 16 4516423 0 0 0
0 6299390 0 0 16 4513513 0 0 0
0 3923548 0 0 16 4510604 0 0 0
0 1252804 0 0 16 4507695 0 0 0
0 2046504 0 0 16 4504785 0 0 0
0 4820046 0 0 16 4501876 0 0 0
0 6363933 0 0 16 4498967 0 0 0
0 4266554 0 0 16 4496058 0 0 0
0 1291639 0 0 16 4493148 0 0 0
0 1575243 0 0 16 4490239 0 0 0
0 4228838 0 0 16 4487330 0 0 0
0 6331888 0 0 16 4484421 0 0 0
0 4558703 0 0 16 4481512 0 0 0
0 1615951 0 0 16 4478602 0 0 0
0 1552222 0 0 16 4475693 0 0 0
0 4320829 0 0 16 4472784 0 0 0
0 6419634 0 0 16 4469874 0 0 0
0 4898741 0 0 16 4466965 0 0 0
0 2050714 0 0 16 4464056 0 0 0
0 1182885 0 0 16 4461147 0 0 0
0 4223486 0 0 16 4458238 0 0 0
0 6373736 0 0 16 4455328 0 0 0
0 5338634 0 0 16 4452420 0 0 0
0 2191248 0 0 16 4449510 0 0 0
0 1069681 0 0 16 4446600 0 0 0
0 3492292 0 0 16 4443691 0 0 0
0 6215478 0 0 16 4440782 0 0 0
0 5714103 0 0 16 4437873 0 0 0
0 2739288 0 0 16 4434964 0 0 0
0 986443 0 0 16 4432054 0 0 0
0 2632180 0 0 16 4429145 0 0 0
0 5716237 0 0 16 4426236 0 0 0
0 6091818 0 0 16 4423326 0 0 0
0 3579816 0 0 16 4420417 0 0 0
0 1154932 0 0 16 4417508 0 0 0
0 2128249 0 0 16 4414599 0 0 0
0 5523672 0 0 16 4411689 0 0 0
0 6084430 0 0 16 4408780 0 0 0
0 3750480 0 0 16 4405871 0 0 0
0 1208228 0 0 16 4402961 0 0 0
0 1996388 0 0 16 4400052 0 0 0
0 5177192 0 0 16 4397143 0 0 0
0 6313372 0 0 16 4394234 0 0 0
0 3703904 0 0 16 4391324 0 0 0
0 1214986 0 0 16 4388415 0 0 0
0 2007737 0 0 16 4385505 0 0 0
0 5286359 0 0 16 4382596 0 0 0
0 6494643 0 0 16 4379687 0 0 0
0 4524847 0 0 16 4376778 0 0 0
0 1478504 0 0 16 4373869 0 0 0
0 1522883 0 0 16 4370959 0 0 0
0 4310419 0 0 16 4368050 0 0 0
0 6486406 0 0 16 4365141 0 0 0
0 4918633 0 0 16 4362231 0 0 0
0 1977374 0 0 16 4359322 0 0 0
0 1267719 0 0 16 4356413 0 0 0
0 3983960 0 0 16 4353504 0 0 0
0 6413199 0 0 16 4350595 0 0 0
0 5319150 0 0 16 4347685 0 0 0
0 2129885 0 0 16 4344776 0 0 0
0 1391763 0 0 16 4341867 0 0 0
0 4032688 0 0 16 4338957 0 0 0
0 6359799 0 0 16 4336048 0 0 0
0 5346833 0 0 16 4333139 0 0 0
0 2100650 0 0 16 4330230 0 0 0
0 1021199 0 0 16 4327321 0 0 0
0 3492302 0 0 16 4324411 0 0 0
0 6375870 0 0 16 4321502 0 0 0
0 5384780 0 0 16 4318593 0 0 0
0 2575799 0 0 16 4315683 0 0 0
0 1034149 0 0 16 4312774 0 0 0
0 3866323 0 0 16 4309865 0 0 0
0 6295944 0 0 16 4306956 0 0 0
0 5142228 0 0 16 4304046 0 0 0
0 2115838 0 0 16 4301137 0 0 0
0 1053482 0 0 16 4298228 0 0 0
0 3532875 0 0 16 4295319 0 0 0
0 6084757 0 0 16 4292409 0 0 0
0 5863894 0 0 16 4289500 0 0 0
0 2445190 0 0 16 4286591 0 0 0
0 960200 0 0 16 4283682 0 0 0
0 3404058 0 0 16 4280772 0 0 0
0 5713891 0 0 16 4277863 0 0 0
0 5632388 0 0 16 4274953 0 0 0
0 2668881 0 0 16 4272043 0 0 0
0 1104064 0 0 16 4269134 0 0 0
0 3193121 0 0 16 4266226 0 0 0
0 5925870 0 0 16 4263316 0 0 0
0 6030033 0 0 16 4260407 0 0 0
0 2805041 0 0 16 4257498 0 0 0
0 944952 0 0 16 4254589 0 0 0
0 2900348 0 0 16 4251679 0 0 0
0 6053608 0 0 16 4248770 0 0 0
0 6081313 0 0 16 4245861 0 0 0
0 2786816 0 0 16 4242951 0 0 0
0 1010225 0 0 16 4240042 0 0 0
0 2868523 0 0 16 4237133 0 0 0
0 6015847 0 0 16 4234224 0 0 0
0 6014617 0 0 16 4231314 0 0 0
0 3012303 0 0 16 4228406 0 0 0
0 1075291 0 0 16 4225496 0 0 0
0 2235489 0 0 16 4222587 0 0 0
0 5664383 0 0 16 4219677 0 0 0
0 6200865 0 0 16 4216768 0 0 0
0 3359603 0 0 16 4213859 0 0 0
0 1090223 0 0 16 4210950 0 0 0
0 2533354 0 0 16 4208041 0 0 0
0 5620113 0 0 16 4205131 0 0 0
0 5604714 0 0 16 4202222 0 0 0
0 2212523 0 0 16 4199313 0 0 0
0 989625 0 0 16 4196403 0 0 0
0 2374061 0 0 16 4193494 0 0 0
0 5362274 0 0 16 4190585 0 0 0
0 6399723 0 0 16 4187676 0 0 0
0 3442800 0 0 16 4184767 0 0 0
0 1130348 0 0 16 4181858 0 0 0
0 2172642 0 0 16 4178948 0 0 0
0 5497850 0 0 16 4176038 0 0 0
0 6266596 0 0 16 4173129 0 0 0
0 3620414 0 0 16 4170220 0 0 0
0 1098154 0 0 16 4167311 0 0 0
0 2451963 0 0 16 4164401 0 0 0
0 5441705 0 0 16 4161492 0 0 0
0 6279046 0 0 16 4158582 0 0 0
0 3475400 0 0 16 4155673 0 0 0
0 1116130 0 0 16 4152764 0 0 0
0 2040400 0 0 16 4149855 0 0 0
0 5441365 0 0 16 4146945 0 0 0
0 6345193 0 0 16 4144036 0 0 0
0 3439776 0 0 16 4141127 0 0 0
0 970755 0 0 16 4138218 0 0 0
0 2141407 0 0 16 4135308 0 0 0
0 5326848 0 0 16 4132399 0 0 0
0 6266307 0 0 16 4129490 0 0 0
0 3847781 0 0 16 4126581 0 0 0
0 1038775 0 0 16 4123671 0 0 0
0 2112519 0 0 16 4120763 0 0 0
0 5070336 0 0 16 4117853 0 0 0
0 6419630 0 0 16 4114944 0 0 0
0 4386448 0 0 16 4112034 0 0 0
0 1151748 0 0 16 4109125 0 0 0
0 1871278 0 0 16 4106216 0 0 0
0 5259739 0 0 16 4103307 0 0 0
0 6285490 0 0 16 4100398 0 0 0
0 4001629 0 0 16 4097488 0 0 0
0 1040559 0 0 16 4094579 0 0 0
0 1746727 0 0 16 4091670 0 0 0
0 5167851 0 0 16 4088760 0 0 0
0 6297031 0 0 16 4085851 0 0 0
0 3845070 0 0 16 4082942 0 0 0
0 1136593 0 0 16 4080033 0 0 0
0 2269757 0 0 16 4077123 0 0 0
0 5541668 0 0 16 4074214 0 0 0
0 6246670 0 0 16 4071305 0 0 0
0 3229950 0 0 16 4068395 0 0 0
0 1062272 0 0 16 4065486 0 0 0
0 2825572 0 0 16 4062577 0 0 0
0 6159680 0 0 16 4059668 0 0 0
0 5743544 0 0 16 4056758 0 0 0
0 3053704 0 0 16 4053849 0 0 0
0 1115580 0 0 16 4050940 0 0 0
0 3595733 0 0 16 4048031 0 0 0
0 6243446 0 0 16 4045121 0 0 0
0 5623463 0 0 16 4042211 0 0 0
0 2196627 0 0 16 4039302 0 0 0
0 1063563 0 0 16 4036393 0 0 0
0 3926023 0 0 16 4033484 0 0 0
0 6470829 0 0 16 4030575 0 0 0
0 5111706 0 0 16 4027665 0 0 0
0 1873388 0 0 16 4024756 0 0 0
0 1340678 0 0 16 4021847 0 0 0
0 4292209 0 0 16 4018937 0 0 0
0 6550036 0 0 16 4016028 0 0 0
0 4607935 0 0 16 4013120 0 0 0
0 1482071 0 0 16 4010210 0 0 0
0 1685510 0 0 16 4007301 0 0 0
0 5066541 0 0 16 4004392 0 0 0
0 6501147 0 0 16 4001483 0 0 0
0 3914725 0 0 16 3998573 0 0 0
0 996127 0 0 16 3995664 0 0 0
0 2267066 0 0 16 3992755 0 0 0
0 5501016 0 0 16 3989845 0 0 0
0 6197933 0 0 16 3986936 0 0 0
0 3224778 0 0 16 3984027 0 0 0
0 1014742 0 0 16 3981118 0 0 0
0 3270318 0 0 16 3978208 0 0 0
0 6189069 0 0 16 3975299 0 0 0
0 5473370 0 0 16 3972390 0 0 0
0 2371907 0 0 16 3969481 0 0 0
0 996086 0 0 16 3966571 0 0 0
0 3549891 0 0 16 3963662 0 0 0
0 6442396 0 0 16 3960753 0 0 0
0 5024372 0 0 16 3957844 0 0 0
0 1832267 0 0 16 3954934 0 0 0
0 1144983 0 0 16 3952025 0 0 0
0 4298625 0 0 16 3949115 0 0 0
0 6519541 0 0 16 3946207 0 0 0
0 4558352 0 0 16 3943297 0 0 0
0 1642996 0 0 16 3940388 0 0 0
0 1560152 0 0 16 3937478 0 0 0
0 4748439 0 0 16 3934569 0 0 0
0 6468251 0 0 16 3931660 0 0 0
0 3797892 0 0 16 3928750 0 0 0
0 1052760 0 0 16 3925841 0 0 0
0 1957604 0 0 16 3922931 0 0 0
0 5326924 0 0 16 3920022 0 0 0
0 6375138 0 0 16 3917113 0 0 0
0 3506969 0 0 16 3914204 0 0 0
0 1051141 0 0 16 3911295 0 0 0
0 2725987 0 0 16 3908385 0 0 0
0 5881238 0 0 16 3905476 0 0 0
0 6056346 0 0 16 3902567 0 0 0
0 2825090 0 0 16 3899658 0 0 0
0 953749 0 0 16 3896749 0 0 0
0 3289204 0 0 16 3893839 0 0 0
0 6215337 0 0 16 3890930 0 0 0
0 5555194 0 0 16 3888021 0 0 0
0 2151602 0 0 16 3885111 0 0 0
0 1272498 0 0 16 3882202 0 0 0
0 4009599 0 0 16 3879293 0 0 0
0 6409404 0 0 16 3876384 0 0 0
0 5161770 0 0 16 3873475 0 0 0
0 1554474 0 0 16 3870565 0 0 0
0 1486505 0 0 16 3867656 0 0 0
0 4919101 0 0 16 3864747 0 0 0
0 6319259 0 0 16 3861837 0 0 0
0 4042396 0 0 16 3858928 0 0 0
0 1029180 0 0 16 3856019 0 0 0
0 2078329 0 0 16 3853110 0 0 0
0 5537026 0 0 16 3850200 0 0 0
0 6114143 0 0 16 3847291 0 0 0
0 3188720 0 0 16 3844382 0 0 0
0 896402 0 0 16 3841472 0 0 0
0 2921731 0 0 16 3838563 0 0 0
0 6281442 0 0 16 3835654 0 0 0
0 5606072 0 0 16 3832745 0 0 0
0 2247530 0 0 16 3829836 0 0 0
0 1074273 0 0 16 3826926 0 0 0
0 3981120 0 0 16 3824017 0 0 0
0 6534727 0 0 16 3821108 0 0 0
0 4672948 0 0 16 3818198 0 0 0
0 1740759 0 0 16 3815289 0 0 0
0 1485289 0 0 16 3812380 0 0 0
0 5052035 0 0 16 3809471 0 0 0
0 6451183 0 0 16 3806561 0 0 0
0 4079092 0 0 16 3803651 0 0 0
0 1138258 0 0 16 3800742 0 0 0
0 2130144 0 0 16 3797833 0 0 0
0 5399520 0 0 16 3794924 0 0 0
0 6222072 0 0 16 3792014 0 0 0
0 3477480 0 0 16 3789105 0 0 0
0 901210 0 0 16 3786196 0 0 0
0 2912473 0 0 16 3783287 0 0 0
0 6071002 0 0 16 3780378 0 0 0
0 5376257 0 0 16 3777469 0 0 0
0 1475170 0 0 16 3774559 0 0 0
0 930992 0 0 16 3771650 0 0 0
0 3176498 0 0 16 3768740 0 0 0
0 6268734 0 0 16 3765832 0 0 0
0 5756468 0 0 16 3762922 0 0 0
0 2498568 0 0 16 3760013 0 0 0
0 1147044 0 0 16 3757104 0 0 0
0 4207638 0 0 16 3754194 0 0 0
0 6500265 0 0 16 3751285 0 0 0
0 4317867 0 0 16 3748376 0 0 0
0 1219459 0 0 16 3745467 0 0 0
0 1874806 0 0 16 3742557 0 0 0
0 5352121 0 0 16 3739648 0 0 0
0 6442456 0 0 16 3736739 0 0 0
0 3454479 0 0 16 3733830 0 0 0
0 984281 0 0 16 3730921 0 0 0
0 2528466 0 0 16 3728011 0 0 0
0 6004805 0 0 16 3725102 0 0 0
0 6105517 0 0 16 3722193 0 0 0
0 3053315 0 0 16 3719283 0 0 0
0 855092 0 0 16 3716374 0 0 0
0 3024847 0 0 16 3713465 0 0 0
0 6103356 0 0 16 3710555 0 0 0
0 5640529 0 0 16 3707646 0 0 0
0 2226241 0 0 16 3704736 0 0 0
0 1053201 0 0 16 3701827 0 0 0
0 3890872 0 0 16 3698918 0 0 0
0 6522114 0 0 16 3696009 0 0 0
0 5098840 0 0 16 3693100 0 0 0
0 1397399 0 0 16 3690190 0 0 0
0 1517731 0 0 16 3687281 0 0 0
0 4674067 0 0 16 3684371 0 0 0
0 6536625 0 0 16 3681462 0 0 0
0 3851489 0 0 16 3678553 0 0 0
0 808073 0 0 16 3675644 0 0 0
0 2087124 0 0 16 3672735 0 0 0
0 5382019 0 0 16 3669825 0 0 0
0 6390077 0 0 16 3666916 0 0 0
0 3301744 0 0 16 3664007 0 0 0
0 959647 0 0 16 3661098 0 0 0
0 3061776 0 0 16 3658188 0 0 0
0 5950780 0 0 16 3655279 0 0 0
0 5887606 0 0 16 3652370 0 0 0
0 2594926 0 0 16 3649461 0 0 0
0 862453 0 0 16 3646551 0 0 0
0 3444625 0 0 16 3643642 0 0 0
0 6439260 0 0 16 3640733 0 0 0
0 4899997 0 0 16 3637824 0 0 0
0 1903590 0 0 16 3634914 0 0 0
0 1264450 0 0 16 3632005 0 0 0
0 4281707 0 0 16 3629096 0 0 0
0 6567157 0 0 16 3626187 0 0 0
0 4337579 0 0 16 3623278 0 0 0
0 1262464 0 0 16 3620368 0 0 0
0 1675014 0 0 16 3617459 0 0 0
0 5131238 0 0 16 3614550 0 0 0
0 6419009 0 0 16 3611640 0 0 0
0 3366600 0 0 16 3608731 0 0 0
0 1026082 0 0 16 3605822 0 0 0
0 2130605 0 0 16 3602912 0 0 0
0 5560401 0 0 16 3600003 0 0 0
0 6370327 0 0 16 3597094 0 0 0
0 3529688 0 0 16 3594184 0 0 0
0 883113 0 0 16 3591275 0 0 0
0 2713321 0 0 16 3588366 0 0 0
0 5830904 0 0 16 3585457 0 0 0
0 6142366 0 0 16 3582547 0 0 0
0 2570053 0 0 16 3579638 0 0 0
0 818016 0 0 16 3576729 0 0 0
0 3432269 0 0 16 3573820 0 0 0
0 6203494 0 0 16 3570910 0 0 0
0 5459178 0 0 16 3568000 0 0 0
0 2000432 0 0 16 3565092 0 0 0
0 985277 0 0 16 3562183 0 0 0
0 4165427 0 0 16 3559273 0 0 0
0 6481910 0 0 16 3556364 0 0 0
0 4339646 0 0 16 3553455 0 0 0
0 1290575 0 0 16 3550545 0 0 0
0 1539320 0 0 16 3547636 0 0 0
0 4959128 0 0 16 3544727 0 0 0
0 6478979 0 0 16 3541818 0 0 0
0 3739268 0 0 16 3538908 0 0 0
0 886411 0 0 16 3535999 0 0 0
0 2604369 0 0 16 3533090 0 0 0
0 5943481 0 0 16 3530181 0 0 0
0 6031880 0 0 16 3527271 0 0 0
0 2992916 0 0 16 3524362 0 0 0
0 946983 0 0 16 3521453 0 0 0
0 3095397 0 0 16 3518544 0 0 0
0 6526095 0 0 16 3515634 0 0 0
0 5503009 0 0 16 3512725 0 0 0
0 2006427 0 0 16 3509816 0 0 0
0 1122238 0 0 16 3506907 0 0 0
0 4302960 0 0 16 3503997 0 0 0
0 6511450 0 0 16 3501088 0 0 0
0 4162399 0 0 16 3498179 0 0 0
0 1147375 0 0 16 3495270 0 0 0
0 2136034 0 0 16 3492360 0 0 0
0 5262968 0 0 16 3489451 0 0 0
0 6386437 0 0 16 3486542 0 0 0
0 3245271 0 0 16 3483633 0 0 0
0 875459 0 0 16 3480723 0 0 0
0 2719609 0 0 16 3477814 0 0 0
0 5900471 0 0 16 3474904 0 0 0
0 6167652 0 0 16 3471995 0 0 0
0 2694763 0 0 16 3469086 0 0 0
0 891134 0 0 16 3466177 0 0 0
0 3600339 0 0 16 3463267 0 0 0
0 6447166 0 0 16 3460358 0 0 0
0 5030240 0 0 16 3457449 0 0 0
0 1667265 0 0 16 3454539 0 0 0
0 1303824 0 0 16 3451630 0 0 0
0 4723147 0 0 16 3448721 0 0 0
0 6536249 0 0 16 3445812 0 0 0
0 3945337 0 0 16 3442902 0 0 0
0 1037643 0 0 16 3439993 0 0 0
0 2087389 0 0 16 3437084 0 0 0
0 5789621 0 0 16 3434174 0 0 0
0 6190533 0 0 16 3431265 0 0 0
0 2876706 0 0 16 3428356 0 0 0
0 887858 0 0 16 3425447 0 0 0
0 3211693 0 0 16 3422538 0 0 0
0 6411844 0 0 16 3419629 0 0 0
0 5403955 0 0 16 3416719 0 0 0
0 1679806 0 0 16 3413810 0 0 0
0 1303338 0 0 16 3410900 0 0 0
0 4488480 0 0 16 3407991 0 0 0
0 6636342 0 0 16 3405082 0 0 0
0 4434260 0 0 16 3402173 0 0 0
0 1047589 0 0 16 3399264 0 0 0
0 2106175 0 0 16 3396354 0 0 0
0 5834986 0 0 16 3393445 0 0 0
0 6408090 0 0 16 3390536 0 0 0
0 3147385 0 0 16 3387626 0 0 0
0 1085061 0 0 16 3384717 0 0 0
0 2972968 0 0 16 3381808 0 0 0
0 6273606 0 0 16 3378899 0 0 0
0 5503903 0 0 16 3375990 0 0 0
0 2029108 0 0 16 3373080 0 0 0
0 1022460 0 0 16 3370171 0 0 0
0 4243780 0 0 16 3367262 0 0 0
0 6580855 0 0 16 3364352 0 0 0
0 4507624 0 0 16 3361443 0 0 0
0 918558 0 0 16 3358534 0 0 0
0 1718639 0 0 16 3355624 0 0 0
0 5703477 0 0 16 3352716 0 0 0
0 6255460 0 0 16 3349806 0 0 0
0 3543214 0 0 16 3346896 0 0 0
0 805986 0 0 16 3343987 0 0 0
0 2797689 0 0 16 3341077 0 0 0
0 6164268 0 0 16 3338168 0 0 0
0 5911629 0 0 16 3335259 0 0 0
0 2897698 0 0 16 3332350 0 0 0
0 786907 0 0 16 3329441 0 0 0
0 3674680 0 0 16 3326532 0 0 0
0 6570853 0 0 16 3323622 0 0 0
0 5587910 0 0 16 3320713 0 0 0
0 2128043 0 0 16 3317803 0 0 0
0 919565 0 0 16 3314895 0 0 0
0 3959860 0 0 16 3311985 0 0 0
0 6567325 0 0 16 3309076 0 0 0
0 4456951 0 0 16 3306167 0 0 0
0 1254257 0 0 16 3303258 0 0 0
0 1553904 0 0 16 3300348 0 0 0
0 5106179 0 0 16 3297439 0 0 0
0 6460596 0 0 16 3294529 0 0 0
0 3475123 0 0 16 3291621 0 0 0
0 808935 0 0 16 3288712 0 0 0
0 2858434 0 0 16 3285802 0 0 0
0 6224243 0 0 16 3282893 0 0 0
0 5779093 0 0 16 3279984 0 0 0
0 2131919 0 0 16 3277074 0 0 0
0 879154 0 0 16 3274165 0 0 0
0 3952028 0 0 16 3271256 0 0 0
0 6617935 0 0 16 3268347 0 0 0
0 5016963 0 0 16 3265437 0 0 0
0 1581890 0 0 16 3262528 0 0 0
0 1293076 0 0 16 3259619 0 0 0
0 4714955 0 0 16 3256709 0 0 0
0 6532190 0 0 16 3253800 0 0 0
0 3730149 0 0 16 3250891 0 0 0
0 915816 0 0 16 3247982 0 0 0
0 2083970 0 0 16 3245072 0 0 0
0 5496772 0 0 16 3242163 0 0 0
0 6317326 0 0 16 3239254 0 0 0
0 2806083 0 0 16 3236345 0 0 0
0 755803 0 0 16 3233435 0 0 0
0 3061158 0 0 16 3230526 0 0 0
0 6206720 0 0 16 3227617 0 0 0
0 5910127 0 0 16 3224707 0 0 0
0 2257851 0 0 16 3221798 0 0 0
0 994324 0 0 16 3218888 0 0 0
0 3981584 0 0 16 3215979 0 0 0
0 6618622 0 0 16 3213070 0 0 0
0 4494555 0 0 16 3210161 0 0 0
0 1136325 0 0 16 3207251 0 0 0
0 1921297 0 0 16 3204342 0 0 0
0 5651279 0 0 16 3201433 0 0 0
0 6360271 0 0 16 3198524 0 0 0
0 3051589 0 0 16 3195615 0 0 0
0 753080 0 0 16 3192706 0 0 0
0 2917429 0 0 16 3189796 0 0 0
0 6350697 0 0 16 3186887 0 0 0
0 5723503 0 0 16 3183978 0 0 0
0 1853477 0 0 16 3181068 0 0 0
0 983834 0 0 16 3178159 0 0 0
0 4253714 0 0 16 3175250 0 0 0
0 6613115 0 0 16 3172341 0 0 0
0 4796590 0 0 16 3169431 0 0 0
0 1148807 0 0 16 3166522 0 0 0
0 1766636 0 0 16 3163612 0 0 0
0 5679709 0 0 16 3160703 0 0 0
0 6386297 0 0 16 3157794 0 0 0
0 3411958 0 0 16 3154885 0 0 0
0 911986 0 0 16 3151976 0 0 0
0 2389766 0 0 16 3149067 0 0 0
0 6141869 0 0 16 3146157 0 0 0
0 5760262 0 0 16 3143248 0 0 0
0 2530143 0 0 16 3140338 0 0 0
0 956860 0 0 16 3137429 0 0 0
0 3700800 0 0 16 3134520 0 0 0
0 6643664 0 0 16 3131611 0 0 0
0 4716019 0 0 16 3128702 0 0 0
0 1330635 0 0 16 3125792 0 0 0
0 1314761 0 0 16 3122883 0 0 0
0 4706628 0 0 16 3119973 0 0 0
0 6710874 0 0 16 3117064 0 0 0
0 3921893 0 0 16 3114155 0 0 0
0 902623 0 0 16 3111246 0 0 0
0 2028927 0 0 16 3108337 0 0 0
0 5804682 0 0 16 3105427 0 0 0
0 6309718 0 0 16 3102518 0 0 0
0 2986034 0 0 16 3099608 0 0 0
0 766383 0 0 16 3096699 0 0 0
0 3231537 0 0 16 3093790 0 0 0
0 6288475 0 0 16 3090881 0 0 0
0 5664306 0 0 16 3087972 0 0 0
0 2073177 0 0 16 3085062 0 0 0
0 908659 0 0 16 3082153 0 0 0
0 4087231 0 0 16 3079244 0 0 0
0 6539499 0 0 16 3076335 0 0 0
0 4479412 0 0 16 3073425 0 0 0
0 1070732 0 0 16 3070516 0 0 0
0 1854521 0 0 16 3067607 0 0 0
0 5401932 0 0 16 3064697 0 0 0
0 6202109 0 0 16 3061788 0 0 0
0 3095088 0 0 16 3058879 0 0 0
0 708808 0 0 16 3055970 0 0 0
0 2700549 0 0 16 3053060 0 0 0
0 6127512 0 0 16 3050151 0 0 0
0 5912450 0 0 16 3047242 0 0 0
0 2338351 0 0 16 3044333 0 0 0
0 1000864 0 0 16 3041424 0 0 0
0 4150702 0 0 16 3038514 0 0 0
0 6584173 0 0 16 3035605 0 0 0
0 4796586 0 0 16 3032696 0 0 0
0 1397744 0 0 16 3029786 0 0 0
0 1291680 0 0 16 3026877 0 0 0
0 5046794 0 0 16 3023968 0 0 0
0 6427478 0 0 16 3021059 0 0 0
0 3434422 0 0 16 3018149 0 0 0
0 767729 0 0 16 3015240 0 0 0
0 2528769 0 0 16 3012331 0 0 0
0 6101733 0 0 16 3009422 0 0 0
0 5907440 0 0 16 3006512 0 0 0
0 2314575 0 0 16 3003603 0 0 0
0 811695 0 0 16 3000694 0 0 0
0 3837021 0 0 16 2997784 0 0 0
0 6613850 0 0 16 2994875 0 0 0
0 4960623 0 0 16 2991966 0 0 0
0 1330026 0 0 16 2989057 0 0 0
0 1500098 0 0 16 2986146 0 0 0
0 5179217 0 0 16 2983237 0 0 0
0 6552900 0 0 16 2980328 0 0 0
0 3894973 0 0 16 2977419 0 0 0
0 875993 0 0 16 2974510 0 0 0
0 2492138 0 0 16 2971601 0 0 0
0 6062054 0 0 16 2968692 0 0 0
0 5885622 0 0 16 2965782 0 0 0
0 2505219 0 0 16 2962873 0 0 0
0 827139 0 0 16 2959964 0 0 0
0 3887658 0 0 16 2957054 0 0 0
0 6582367 0 0 16 2954145 0 0 0
0 4581758 0 0 16 2951236 0 0 0
0 1160739 0 0 16 2948327 0 0 0
0 1321284 0 0 16 2945418 0 0 0
0 5161559 0 0 16 2942508 0 0 0
0 6471460 0 0 16 2939599 0 0 0
0 3571739 0 0 16 2936690 0 0 0
0 738514 0 0 16 2933780 0 0 0
0 3345069 0 0 16 2930871 0 0 0
0 6467070 0 0 16 2927962 0 0 0
0 5045539 0 0 16 2925053 0 0 0
0 1196073 0 0 16 2922143 0 0 0
0 1497259 0 0 16 2919234 0 0 0
0 4960726 0 0 16 2916325 0 0 0
0 6587349 0 0 16 2913415 0 0 0
0 3820761 0 0 16 2910506 0 0 0
0 921565 0 0 16 2907597 0 0 0
0 2213711 0 0 16 2904688 0 0 0
0 5803743 0 0 16 2901779 0 0 0
0 6264394 0 0 16 2898869 0 0 0
0 3110276 0 0 16 2895960 0 0 0
0 630318 0 0 16 2893051 0 0 0
0 3359450 0 0 16 2890141 0 0 0
0 6294333 0 0 16 2887232 0 0 0
0 5575467 0 0 16 2884323 0 0 0
0 1792918 0 0 16 2881413 0 0 0
0 1203395 0 0 16 2878504 0 0 0
0 4967114 0 0 16 2875595 0 0 0
0 6542875 0 0 16 2872685 0 0 0
0 3490987 0 0 16 2869776 0 0 0
0 769817 0 0 16 2866866 0 0 0
0 2942521 0 0 16 2863957 0 0 0
0 6381623 0 0 16 2861049 0 0 0
0 5449599 0 0 16 2858139 0 0 0
0 1671439 0 0 16 2855230 0 0 0
0 1047579 0 0 16 2852321 0 0 0
0 4371648 0 0 16 2849411 0 0 0
0 6662973 0 0 16 2846502 0 0 0
0 4008125 0 0 16 2843593 0 0 0
0 838192 0 0 16 2840683 0 0 0
0 2097528 0 0 16 2837775 0 0 0
0 5616976 0 0 16 2834865 0 0 0
0 6329449 0 0 16 2831956 0 0 0
0 2645212 0 0 16 2829047 0 0 0
0 680895 0 0 16 2826137 0 0 0
0 3302853 0 0 16 2823228 0 0 0
0 6261803 0 0 16 2820319 0 0 0
0 5429166 0 0 16 2817410 0 0 0
0 1835560 0 0 16 2814501 0 0 0
0 1013897 0 0 16 2811591 0 0 0
0 4403949 0 0 16 2808682 0 0 0
0 6396242 0 0 16 2805773 0 0 0
0 4148792 0 0 16 2802863 0 0 0
0 867494 0 0 16 2799954 0 0 0
0 2439711 0 0 16 2797045 0 0 0
0 6128509 0 0 16 2794136 0 0 0
0 5938884 0 0 16 2791226 0 0 0
0 2309325 0 0 16 2788317 0 0 0
0 1044530 0 0 16 2785408 0 0 0
0 4316261 0 0 16 2782498 0 0 0
0 6682087 0 0 16 2779589 0 0 0
0 4461990 0 0 16 2776680 0 0 0
0 1064987 0 0 16 2773771 0 0 0
0 1892307 0 0 16 2770861 0 0 0
0 5537227 0 0 16 2767952 0 0 0
0 6563662 0 0 16 2765043 0 0 0
0 3225978 0 0 16 2762133 0 0 0
0 680015 0 0 16 2759224 0 0 0
0 2985807 0 0 16 2756315 0 0 0
0 6426821 0 0 16 2753405 0 0 0
0 5666394 0 0 16 2750496 0 0 0
0 1894398 0 0 16 2747587 0 0 0
0 902210 0 0 16 2744678 0 0 0
0 4098434 0 0 16 2741768 0 0 0
0 6652696 0 0 16 2738859 0 0 0
0 4540296 0 0 16 2735950 0 0 0
0 978933 0 0 16 2733040 0 0 0
0 1656384 0 0 16 2730131 0 0 0
0 5606338 0 0 16 2727222 0 0 0
0 6354818 0 0 16 2724313 0 0 0
0 3245793 0 0 16 2721404 0 0 0
0 769494 0 0 16 2718494 0 0 0
0 3228048 0 0 16 2715585 0 0 0
0 6434407 0 0 16 2712676 0 0 0
0 5565260 0 0 16 2709766 0 0 0
0 1991629 0 0 16 2706858 0 0 0
0 929820 0 0 16 2703948 0 0 0
0 4426605 0 0 16 2701039 0 0 0
0 6771182 0 0 16 2698130 0 0 0
0 4335563 0 0 16 2695221 0 0 0
0 1056106 0 0 16 2692311 0 0 0
0 1867696 0 0 16 2689402 0 0 0
0 5636751 0 0 16 2686492 0 0 0
0 6535205 0 0 16 2683583 0 0 0
0 3230074 0 0 16 2680674 0 0 0
0 690939 0 0 16 2677765 0 0 0
0 2829048 0 0 16 2674856 0 0 0
0 6235601 0 0 16 2671946 0 0 0
0 5796608 0 0 16 2669037 0 0 0
0 1963898 0 0 16 2666128 0 0 0
0 1012942 0 0 16 2663218 0 0 0
0 4217208 0 0 16 2660309 0 0 0
0 6764665 0 0 16 2657400 0 0 0
0 4652983 0 0 16 2654491 0 0 0
0 1147049 0 0 16 2651581 0 0 0
0 1607907 0 0 16 2648672 0 0 0
0 5538330 0 0 16 2645762 0 0 0
0 6457579 0 0 16 2642853 0 0 0
0 3362676 0 0 16 2639944 0 0 0
0 621109 0 0 16 2637035 0 0 0
0 3090147 0 0 16 2634125 0 0 0
0 6394799 0 0 16 2631216 0 0 0
0 5379183 0 0 16 2628307 0 0 0
0 1975316 0 0 16 2625397 0 0 0
0 815447 0 0 16 2622488 0 0 0
0 4349714 0 0 16 2619579 0 0 0
0 6680428 0 0 16 2616670 0 0 0
0 4649471 0 0 16 2613761 0 0 0
0 1192512 0 0 16 2610851 0 0 0
0 1394635 0 0 16 2607942 0 0 0
0 5025940 0 0 16 2605033 0 0 0
0 6565430 0 0 16 2602123 0 0 0
0 3564109 0 0 16 2599214 0 0 0
0 878718 0 0 16 2596305 0 0 0
0 2244609 0 0 16 2593396 0 0 0
0 6117992 0 0 16 2590487 0 0 0
0 5921865 0 0 16 2587578 0 0 0
0 2006681 0 0 16 2584668 0 0 0
0 1226741 0 0 16 2581759 0 0 0
0 4175940 0 0 16 2578849 0 0 0
0 6727719 0 0 16 2575940 0 0 0
0 4494664 0 0 16 2573031 0 0 0
0 1020935 0 0 16 2570122 0 0 0
0 1612686 0 0 16 2567213 0 0 0
0 5146212 0 0 16 2564303 0 0 0
0 6550171 0 0 16 2561394 0 0 0
0 3008391 0 0 16 2558485 0 0 0
0 647839 0 0 16 2555575 0 0 0
0 2925901 0 0 16 2552666 0 0 0
0 6155210 0 0 16 2549757 0 0 0
0 5845391 0 0 16 2546848 0 0 0
0 2060445 0 0 16 2543938 0 0 0
0 776146 0 0 16 2541029 0 0 0
0 4044547 0 0 16 2538120 0 0 0
0 6652008 0 0 16 2535210 0 0 0
0 4810586 0 0 16 2532301 0 0 0
0 1240041 0 0 16 2529392 0 0 0
0 1504902 0 0 16 2526483 0 0 0
0 5163342 0 0 16 2523574 0 0 0
0 6535019 0 0 16 2520664 0 0 0
0 3496799 0 0 16 2517754 0 0 0
0 757765 0 0 16 2514845 0 0 0
0 2550839 0 0 16 2511936 0 0 0
0 6088864 0 0 16 2509027 0 0 0
0 6102966 0 0 16 2506117 0 0 0
0 2372213 0 0 16 2503208 0 0 0
0 715802 0 0 16 2500299 0 0 0
0 3397322 0 0 16 2497390 0 0 0
0 6608959 0 0 16 2494481 0 0 0
0 5092303 0 0 16 2491572 0 0 0
0 1553505 0 0 16 2488662 0 0 0
0 938348 0 0 16 2485753 0 0 0
0 3801865 0 0 16 2482844 0 0 0
0 6723538 0 0 16 2479934 0 0 0
0 5047156 0 0 16 2477025 0 0 0
0 1469891 0 0 16 2474116 0 0 0
0 1055244 0 0 16 2471207 0 0 0
0 4046358 0 0 16 2468298 0 0 0
0 6637145 0 0 16 2465388 0 0 0
0 4861582 0 0 16 2462479 0 0 0
0 1262701 0 0 16 2459570 0 0 0
0 1103527 0 0 16 2456661 0 0 0
0 4747165 0 0 16 2453751 0 0 0
0 6603081 0 0 16 2450842 0 0 0
0 4147326 0 0 16 2447933 0 0 0
0 899571 0 0 16 2445023 0 0 0
0 2019555 0 0 16 2442114 0 0 0
0 5640500 0 0 16 2439205 0 0 0
0 6396660 0 0 16 2436296 0 0 0
0 3174717 0 0 16 2433386 0 0 0
0 685367 0 0 16 2430477 0 0 0
0 2858086 0 0 16 2427568 0 0 0
0 6413371 0 0 16 2424658 0 0 0
0 6012284 0 0 16 2421748 0 0 0
0 2343850 0 0 16 2418839 0 0 0
0 679878 0 0 16 2415930 0 0 0
0 3652089 0 0 16 2413021 0 0 0
0 6642161 0 0 16 2410112 0 0 0
0 5186201 0 0 16 2407203 0 0 0
0 1702596 0 0 16 2404293 0 0 0
0 928880 0 0 16 2401383 0 0 0
0 4429478 0 0 16 2398474 0 0 0
0 6791895 0 0 16 2395565 0 0 0
0 4495225 0 0 16 2392656 0 0 0
0 848388 0 0 16 2389747 0 0 0
0 1516871 0 0 16 2386838 0 0 0
0 5115560 0 0 16 2383928 0 0 0
0 6712607 0 0 16 2381019 0 0 0
0 3428178 0 0 16 2378110 0 0 0
0 890091 0 0 16 2375200 0 0 0
0 2345678 0 0 16 2372291 0 0 0
0 6042544 0 0 16 2369382 0 0 0
0 6203940 0 0 16 2366473 0 0 0
0 2564949 0 0 16 2363564 0 0 0
0 728633 0 0 16 2360654 0 0 0
0 3185762 0 0 16 2357745 0 0 0
0 6405568 0 0 16 2354835 0 0 0
0 5750582 0 0 16 2351927 0 0 0
0 2064030 0 0 16 2349017 0 0 0
0 875950 0 0 16 2346108 0 0 0
0 3960019 0 0 16 2343199 0 0 0
0 6772538 0 0 16 2340289 0 0 0
0 4744744 0 0 16 2337380 0 0 0
0 1148955 0 0 16 2334471 0 0 0
0 1176257 0 0 16 2331562 0 0 0
0 4898461 0 0 16 2328652 0 0 0
0 6652270 0 0 16 2325743 0 0 0
0 4335815 0 0 16 2322834 0 0 0
0 902127 0 0 16 2319925 0 0 0
0 1624769 0 0 16 2317015 0 0 0
0 5401076 0 0 16 2314106 0 0 0
0 6492545 0 0 16 2311197 0 0 0
0 3439589 0 0 16 2308287 0 0 0
0 833574 0 0 16 2305378 0 0 0
0 2190458 0 0 16 2302469 0 0 0
0 5838683 0 0 16 2299560 0 0 0
0 6382812 0 0 16 2296650 0 0 0
0 3055306 0 0 16 2293741 0 0 0
0 740142 0 0 16 2290832 0 0 0
0 2710059 0 0 16 2287923 0 0 0
0 6011608 0 0 16 2285013 0 0 0
0 6303945 0 0 16 2282103 0 0 0
0 2770766 0 0 16 2279194 0 0 0
0 663069 0 0 16 2276285 0 0 0
0 3206020 0 0 16 2273376 0 0 0
0 6539059 0 0 16 2270467 0 0 0
0 5782186 0 0 16 2267557 0 0 0
0 2287577 0 0 16 2264648 0 0 0
0 726970 0 0 16 2261739 0 0 0
0 3543850 0 0 16 2258830 0 0 0
0 6586411 0 0 16 2255921 0 0 0
0 5181652 0 0 16 2253011 0 0 0
0 1430814 0 0 16 2250102 0 0 0
0 880938 0 0 16 2247193 0 0 0
0 4248749 0 0 16 2244284 0 0 0
0 6582999 0 0 16 2241374 0 0 0
0 3933222 0 0 16 2238465 0 0 0
0 881007 0 0 16 2235556 0 0 0
0 1667528 0 0 16 2232647 0 0 0
0 5251979 0 0 16 2229737 0 0 0
0 6594167 0 0 16 2226828 0 0 0
0 3597855 0 0 16 2223919 0 0 0
0 701906 0 0 16 2221009 0 0 0
0 2241036 0 0 16 2218100 0 0 0
0 5867635 0 0 16 2215191 0 0 0
0 6415356 0 0 16 2212281 0 0 0
0 3374676 0 0 16 2209372 0 0 0
0 594036 0 0 16 2206463 0 0 0
0 2598324 0 0 16 2203554 0 0 0
0 5902269 0 0 16 2200645 0 0 0
0 6315655 0 0 16 2197735 0 0 0
0 3216420 0 0 16 2194826 0 0 0
0 672212 0 0 16 2191917 0 0 0
0 3099343 0 0 16 2189008 0 0 0
0 6221241 0 0 16 2186098 0 0 0
0 6063391 0 0 16 2183189 0 0 0
0 2186815 0 0 16 2180280 0 0 0
0 701418 0 0 16 2177370 0 0 0
0 3643698 0 0 16 2174460 0 0 0
0 6706414 0 0 16 2171552 0 0 0
0 5045389 0 0 16 2168642 0 0 0
0 1468838 0 0 16 2165733 0 0 0
0 1240313 0 0 16 2162823 0 0 0
0 4736491 0 0 16 2159914 0 0 0
0 6754133 0 0 16 2157005 0 0 0
0 4163680 0 0 16 2154096 0 0 0
0 868267 0 0 16 2151187 0 0 0
0 2044355 0 0 16 2148277 0 0 0
0 5839605 0 0 16 2145368 0 0 0
0 6527533 0 0 16 2142459 0 0 0
0 3065282 0 0 16 2139550 0 0 0
0 653201 0 0 16 2136640 0 0 0
0 2845695 0 0 16 2133731 0 0 0
0 5874229 0 0 16 2130822 0 0 0
0 6342694 0 0 16 2127912 0 0 0
0 2933087 0 0 16 2125003 0 0 0
0 580893 0 0 16 2122094 0 0 0
0 2817249 0 0 16 2119185 0 0 0
0 6244313 0 0 16 2116276 0 0 0
0 5928303 0 0 16 2113367 0 0 0
0 2061609 0 0 16 2110457 0 0 0
0 851579 0 0 16 2107548 0 0 0
0 4254752 0 0 16 2104638 0 0 0
0 6680030 0 0 16 2101729 0 0 0
0 4813915 0 0 16 2098820 0 0 0
0 1217292 0 0 16 2095911 0 0 0
0 1465175 0 0 16 2093002 0 0 0
0 5079055 0 0 16 2090092 0 0 0
0 6669830 0 0 16 2087183 0 0 0
0 3964477 0 0 16 2084273 0 0 0
0 895730 0 0 16 2081364 0 0 0
0 1735184 0 0 16 2078455 0 0 0
0 5644162 0 0 16 2075546 0 0 0
0 6596880 0 0 16 2072637 0 0 0
0 3572598 0 0 16 2069727 0 0 0
0 877445 0 0 16 2066818 0 0 0
0 2332327 0 0 16 2063909 0 0 0
0 6198642 0 0 16 2060999 0 0 0
0 6238675 0 0 16 2058090 0 0 0
0 2721260 0 0 16 2055181 0 0 0
0 733841 0 0 16 2052272 0 0 0
0 3056997 0 0 16 2049362 0 0 0
0 6577357 0 0 16 2046453 0 0 0
0 5762885 0 0 16 2043543 0 0 0
0 1942772 0 0 16 2040634 0 0 0
0 896242 0 0 16 2037725 0 0 0
0 3856900 0 0 16 2034816 0 0 0
0 6762327 0 0 16 2031906 0 0 0
0 4776979 0 0 16 2028997 0 0 0
0 1128533 0 0 16 2026088 0 0 0
0 1364432 0 0 16 2023179 0 0 0
0 5262087 0 0 16 2020270 0 0 0
0 6775662 0 0 16 2017361 0 0 0
0 3937499 0 0 16 2014451 0 0 0
0 815180 0 0 16 2011541 0 0 0
0 2034435 0 0 16 2008633 0 0 0
0 5713145 0 0 16 2005723 0 0 0
0 6492457 0 0 16 2002814 0 0 0
0 3316470 0 0 16 1999905 0 0 0
0 674751 0 0 16 1996996 0 0 0
0 2566072 0 0 16 1994086 0 0 0
0 6127504 0 0 16 1991177 0 0 0
0 6213592 0 0 16 1988268 0 0 0
0 2670089 0 0 16 1985359 0 0 0
0 620503 0 0 16 1982449 0 0 0
0 3017422 0 0 16 1979540 0 0 0
0 6630293 0 0 16 1976631 0 0 0
0 5458746 0 0 16 1973722 0 0 0
0 1630752 0 0 16 1970812 0 0 0
0 922521 0 0 16 1967903 0 0 0
0 4600217 0 0 16 1964994 0 0 0
0 6735736 0 0 16 1962085 0 0 0
0 4188110 0 0 16 1959175 0 0 0
0 883123 0 0 16 1956266 0 0 0
0 1888652 0 0 16 1953357 0 0 0
0 5810335 0 0 16 1950447 0 0 0
0 6199341 0 0 16 1947538 0 0 0
0 2518117 0 0 16 1944629 0 0 0
0 800472 0 0 16 1941719 0 0 0
0 3702185 0 0 16 1938810 0 0 0
0 6648265 0 0 16 1935901 0 0 0
0 4996388 0 0 16 1932991 0 0 0
0 1042837 0 0 16 1930082 0 0 0
0 1286710 0 0 16 1927173 0 0 0
0 5061489 0 0 16 1924263 0 0 0
0 6709101 0 0 16 1921354 0 0 0
0 3847714 0 0 16 1918445 0 0 0
0 810139 0 0 16 1915536 0 0 0
0 1948354 0 0 16 1912627 0 0 0
0 5642801 0 0 16 1909718 0 0 0
0 6538015 0 0 16 1906808 0 0 0
0 3221746 0 0 16 1903898 0 0 0
0 668058 0 0 16 1900990 0 0 0
0 3053721 0 0 16 1898080 0 0 0
0 6553835 0 0 16 1895171 0 0 0
0 5401970 0 0 16 1892262 0 0 0
0 1698615 0 0 16 1889353 0 0 0
0 1002413 0 0 16 1886443 0 0 0
0 4493895 0 0 16 1883534 0 0 0
0 6818143 0 0 16 1880625 0 0 0
0 4269825 0 0 16 1877715 0 0 0
0 994125 0 0 16 1874806 0 0 0
0 2047055 0 0 16 1871897 0 0 0
0 6033722 0 0 16 1868988 0 0 0
0 6180259 0 0 16 1866079 0 0 0
0 2474627 0 0 16 1863169 0 0 0
0 660190 0 0 16 1860260 0 0 0
0 2960216 0 0 16 1857351 0 0 0
0 6652418 0 0 16 1854441 0 0 0
0 5582365 0 0 16 1851532 0 0 0
0 1718862 0 0 16 1848623 0 0 0
0 965303 0 0 16 1845714 0 0 0
0 4292886 0 0 16 1842804 0 0 0
0 6861306 0 0 16 1839895 0 0 0
0 4616748 0 0 16 1836986 0 0 0
0 1083237 0 0 16 1834076 0 0 0
0 1740472 0 0 16 1831167 0 0 0
0 5533515 0 0 16 1828258 0 0 0
0 6562773 0 0 16 1825349 0 0 0
0 3356741 0 0 16 1822439 0 0 0
0 672173 0 0 16 1819530 0 0 0
0 2421201 0 0 16 1816620 0 0 0
0 6311723 0 0 16 1813710 0 0 0
0 5940651 0 0 16 1810802 0 0 0
0 2704508 0 0 16 1807893 0 0 0
0 543107 0 0 16 1804984 0 0 0
0 2940940 0 0 16 1802075 0 0 0
0 6293636 0 0 16 1799165 0 0 0
0 5843628 0 0 16 1796256 0 0 0
0 2268665 0 0 16 1793347 0 0 0
0 574546 0 0 16 1790437 0 0 0
0 3208499 0 0 16 1787528 0 0 0
0 6420207 0 0 16 1784619 0 0 0
0 5939268 0 0 16 1781709 0 0 0
0 2434624 0 0 16 1778800 0 0 0
0 532960 0 0 16 1775891 0 0 0
0 3018245 0 0 16 1772982 0 0 0
0 6298393 0 0 16 1770073 0 0 0
0 5972769 0 0 16 1767163 0 0 0
0 2437368 0 0 16 1764254 0 0 0
0 633078 0 0 16 1761345 0 0 0
0 2871310 0 0 16 1758436 0 0 0
0 6384746 0 0 16 1755526 0 0 0
0 6028124 0 0 16 1752617 0 0 0
0 2570077 0 0 16 1749708 0 0 0
0 792472 0 0 16 1746799 0 0 0
0 3548545 0 0 16 1743889 0 0 0
0 6398321 0 0 16 1740980 0 0 0
0 5645955 0 0 16 1738071 0 0 0
0 1739863 0 0 16 1735162 0 0 0
0 753651 0 0 16 1732252 0 0 0
0 3597753 0 0 16 1729343 0 0 0
0 6677163 0 0 16 1726434 0 0 0
0 5625952 0 0 16 1723524 0 0 0
0 1687581 0 0 16 1720615 0 0 0
0 776230 0 0 16 1717705 0 0 0
0 3071250 0 0 16 1714797 0 0 0
0 6255233 0 0 16 1711887 0 0 0
0 5969261 0 0 16 1708978 0 0 0
0 2276282 0 0 16 1706069 0 0 0
0 660594 0 0 16 1703159 0 0 0
0 2912400 0 0 16 1700249 0 0 0
0 6085268 0 0 16 1697340 0 0 0
0 6263715 0 0 16 1694431 0 0 0
0 2687688 0 0 16 1691522 0 0 0
0 653180 0 0 16 1688613 0 0 0
0 3149844 0 0 16 1685704 0 0 0
0 6082429 0 0 16 1682794 0 0 0
0 6349455 0 0 16 1679885 0 0 0
0 3287352 0 0 16 1676976 0 0 0
0 568594 0 0 16 1674066 0 0 0
0 2630365 0 0 16 1671157 0 0 0
0 6082771 0 0 16 1668248 0 0 0
0 6443030 0 0 16 1665339 0 0 0
0 3183505 0 0 16 1662430 0 0 0
0 581536 0 0 16 1659520 0 0 0
0 2248797 0 0 16 1656611 0 0 0
0 5815367 0 0 16 1653702 0 0 0
0 6591465 0 0 16 1650792 0 0 0
0 3223956 0 0 16 1647883 0 0 0
0 632590 0 0 16 1644974 0 0 0
0 2103963 0 0 16 1642065 0 0 0
0 5603957 0 0 16 1639156 0 0 0
0 6693701 0 0 16 1636246 0 0 0
0 3985346 0 0 16 1633336 0 0 0
0 1039229 0 0 16 1630428 0 0 0
0 1125325 0 0 16 1627518 0 0 0
0 4698535 0 0 16 1624609 0 0 0
0 6758708 0 0 16 1621700 0 0 0
0 4843499 0 0 16 1618791 0 0 0
0 1317543 0 0 16 1615881 0 0 0
0 884255 0 0 16 1612972 0 0 0
0 4198995 0 0 16 1610063 0 0 0
0 6729142 0 0 16 1607153 0 0 0
0 5369545 0 0 16 1604244 0 0 0
0 1852125 0 0 16 1601335 0 0 0
0 867429 0 0 16 1598426 0 0 0
0 3901382 0 0 16 1595516 0 0 0
0 6641516 0 0 16 1592607 0 0 0
0 5382627 0 0 16 1589698 0 0 0
0 1778177 0 0 16 1586788 0 0 0
0 695032 0 0 16 1583879 0 0 0
0 3579282 0 0 16 1580969 0 0 0
0 6596850 0 0 16 1578060 0 0 0
0 5178392 0 0 16 1575151 0 0 0
0 2058184 0 0 16 1572242 0 0 0
0 741372 0 0 16 1569333 0 0 0
0 3836763 0 0 16 1566424 0 0 0
0 6689502 0 0 16 1563514 0 0 0
0 5665138 0 0 16 1560605 0 0 0
0 2087856 0 0 16 1557695 0 0 0
0 694941 0 0 16 1554787 0 0 0
0 3385540 0 0 16 1551877 0 0 0
0 6769559 0 0 16 1548968 0 0 0
0 5567961 0 0 16 1546059 0 0 0
0 1521831 0 0 16 1543149 0 0 0
0 906240 0 0 16 1540240 0 0 0
0 3793810 0 0 16 1537331 0 0 0
0 6748264 0 0 16 1534422 0 0 0
0 5218339 0 0 16 1531513 0 0 0
0 1556957 0 0 16 1528603 0 0 0
0 979449 0 0 16 1525694 0 0 0
0 3772849 0 0 16 1522785 0 0 0
0 6697707 0 0 16 1519875 0 0 0
0 5536973 0 0 16 1516966 0 0 0
0 1812098 0 0 16 1514057 0 0 0
0 865348 0 0 16 1511148 0 0 0
0 3698712 0 0 16 1508238 0 0 0
0 6748657 0 0 16 1505329 0 0 0
0 5086719 0 0 16 1502420 0 0 0
0 2046601 0 0 16 1499511 0 0 0
0 724898 0 0 16 1496601 0 0 0
0 3676540 0 0 16 1493692 0 0 0
0 6693570 0 0 16 1490783 0 0 0
0 5667868 0 0 16 1487874 0 0 0
0 1759930 0 0 16 1484964 0 0 0
0 774353 0 0 16 1482055 0 0 0
0 3917743 0 0 16 1479145 0 0 0
0 6806282 0 0 16 1476237 0 0 0
0 4763500 0 0 16 1473327 0 0 0
0 1485202 0 0 16 1470417 0 0 0
0 966653 0 0 16 1467508 0 0 0
0 4196513 0 0 16 1464599 0 0 0
0 6742717 0 0 16 1461690 0 0 0
0 4392783 0 0 16 1458780 0 0 0
0 1019040 0 0 16 1455871 0 0 0
0 1281775 0 0 16 1452962 0 0 0
0 4649911 0 0 16 1450053 0 0 0
0 6737442 0 0 16 1447143 0 0 0
0 4464060 0 0 16 1444234 0 0 0
0 1260322 0 0 16 1441325 0 0 0
0 1115720 0 0 16 1438416 0 0 0
0 4660102 0 0 16 1435507 0 0 0
0 6789596 0 0 16 1432597 0 0 0
0 4628615 0 0 16 1429688 0 0 0
0 1294509 0 0 16 1426778 0 0 0
0 1369171 0 0 16 1423870 0 0 0
0 4681118 0 0 16 1420960 0 0 0
0 6812818 0 0 16 1418051 0 0 0
0 4544205 0 0 16 1415142 0 0 0
0 1067437 0 0 16 1412233 0 0 0
0 1260864 0 0 16 1409324 0 0 0
0 4841776 0 0 16 1406414 0 0 0
0 6827793 0 0 16 1403505 0 0 0
0 4355788 0 0 16 1400595 0 0 0
0 907360 0 0 16 1397686 0 0 0
0 1358144 0 0 16 1394777 0 0 0
0 4793159 0 0 16 1391868 0 0 0
0 6675449 0 0 16 1388959 0 0 0
0 3732396 0 0 16 1386049 0 0 0
0 797902 0 0 16 1383140 0 0 0
0 1726687 0 0 16 1380230 0 0 0
0 5195759 0 0 16 1377321 0 0 0
0 6697380 0 0 16 1374412 0 0 0
0 3913412 0 0 16 1371503 0 0 0
0 756444 0 0 16 1368594 0 0 0
0 2010229 0 0 16 1365684 0 0 0
0 5095561 0 0 16 1362775 0 0 0
0 6807092 0 0 16 1359866 0 0 0
0 4323839 0 0 16 1356956 0 0 0
0 861857 0 0 16 1354047 0 0 0
0 1937873 0 0 16 1351138 0 0 0
0 5364041 0 0 16 1348228 0 0 0
0 6705057 0 0 16 1345319 0 0 0
0 3924040 0 0 16 1342409 0 0 0
0 685448 0 0 16 1339500 0 0 0
0 2014519 0 0 16 1336591 0 0 0
0 5764451 0 0 16 1333682 0 0 0
0 6459438 0 0 16 1330773 0 0 0
0 3178087 0 0 16 1327864 0 0 0
0 657514 0 0 16 1324954 0 0 0
0 2265842 0 0 16 1322045 0 0 0
0 5915145 0 0 16 1319136 0 0 0
0 6225591 0 0 16 1316226 0 0 0
0 2583599 0 0 16 1313317 0 0 0
0 578013 0 0 16 1310408 0 0 0
0 3259753 0 0 16 1307499 0 0 0
0 6687062 0 0 16 1304589 0 0 0
0 5463706 0 0 16 1301680 0 0 0
0 1817805 0 0 16 1298771 0 0 0
0 708245 0 0 16 1295862 0 0 0
0 3626067 0 0 16 1292952 0 0 0
0 6744488 0 0 16 1290043 0 0 0
0 5157491 0 0 16 1287134 0 0 0
0 1702117 0 0 16 1284225 0 0 0
0 946773 0 0 16 1281315 0 0 0
0 4450559 0 0 16 1278406 0 0 0
0 6852777 0 0 16 1275497 0 0 0
0 4603620 0 0 16 1272588 0 0 0
0 1143602 0 0 16 1269678 0 0 0
0 1297605 0 0 16 1266769 0 0 0
0 4732765 0 0 16 1263860 0 0 0
0 6760885 0 0 16 1260951 0 0 0
0 3877142 0 0 16 1258041 0 0 0
0 833443 0 0 16 1255132 0 0 0
0 1644604 0 0 16 1252223 0 0 0
0 5372280 0 0 16 1249313 0 0 0
0 6649466 0 0 16 1246404 0 0 0
0 3074680 0 0 16 1243495 0 0 0
0 848864 0 0 16 1240585 0 0 0
0 2987947 0 0 16 1237676 0 0 0
0 6229687 0 0 16 1234767 0 0 0
0 5968982 0 0 16 1231858 0 0 0
0 2050376 0 0 16 1228948 0 0 0
0 789732 0 0 16 1226038 0 0 0
0 3610344 0 0 16 1223130 0 0 0
0 6573362 0 0 16 1220220 0 0 0
0 5556308 0 0 16 1217311 0 0 0
0 2226048 0 0 16 1214402 0 0 0
0 589043 0 0 16 1211493 0 0 0
0 3539073 0 0 16 1208583 0 0 0
0 6536464 0 0 16 1205674 0 0 0
0 6023500 0 0 16 1202765 0 0 0
0 2308050 0 0 16 1199856 0 0 0
0 597626 0 0 16 1196946 0 0 0
0 3322591 0 0 16 1194037 0 0 0
0 6626777 0 0 16 1191128 0 0 0
0 5837893 0 0 16 1188218 0 0 0
0 1777454 0 0 16 1185309 0 0 0
0 793569 0 0 16 1182401 0 0 0
0 3439373 0 0 16 1179491 0 0 0
0 6632656 0 0 16 1176581 0 0 0
0 5366135 0 0 16 1173673 0 0 0
0 1580671 0 0 16 1170763 0 0 0
0 998775 0 0 16 1167854 0 0 0
0 4335945 0 0 16 1164945 0 0 0
0 6805472 0 0 16 1162036 0 0 0
0 4669605 0 0 16 1159126 0 0 0
0 1156886 0 0 16 1156217 0 0 0
0 1254186 0 0 16 1153307 0 0 0
0 4510208 0 0 16 1150399 0 0 0
0 6725507 0 0 16 1147489 0 0 0
0 5022398 0 0 16 1144580 0 0 0
0 1440312 0 0 16 1141671 0 0 0
0 1311159 0 0 16 1138761 0 0 0
0 4628281 0 0 16 1135852 0 0 0
0 6811029 0 0 16 1132942 0 0 0
0 4756746 0 0 16 1130033 0 0 0
0 1248730 0 0 16 1127124 0 0 0
0 1187941 0 0 16 1124215 0 0 0
0 4520482 0 0 16 1121305 0 0 0
0 6801348 0 0 16 1118396 0 0 0
0 4918152 0 0 16 1115487 0 0 0
0 1377513 0 0 16 1112577 0 0 0
0 1075588 0 0 16 1109668 0 0 0
0 4454548 0 0 16 1106759 0 0 0
0 6744489 0 0 16 1103850 0 0 0
0 5063363 0 0 16 1100941 0 0 0
0 1403321 0 0 16 1098031 0 0 0
0 1130066 0 0 16 1095122 0 0 0
0 4241641 0 0 16 1092213 0 0 0
0 6779002 0 0 16 1089303 0 0 0
0 5089390 0 0 16 1086394 0 0 0
0 1278554 0 0 16 1083485 0 0 0
0 1122725 0 0 16 1080576 0 0 0
0 4255816 0 0 16 1077666 0 0 0
0 6841976 0 0 16 1074757 0 0 0
0 5237427 0 0 16 1071848 0 0 0
0 1611630 0 0 16 1068938 0 0 0
0 915230 0 0 16 1066029 0 0 0
0 4172044 0 0 16 1063120 0 0 0
0 6614293 0 0 16 1060211 0 0 0
0 5543219 0 0 16 1057302 0 0 0
0 2150443 0 0 16 1054392 0 0 0
0 641462 0 0 16 1051483 0 0 0
0 3098442 0 0 16 1048574 0 0 0
0 6461323 0 0 16 1045664 0 0 0
0 6067791 0 0 16 1042755 0 0 0
0 2745516 0 0 16 1039846 0 0 0
0 613275 0 0 16 1036937 0 0 0
0 2710946 0 0 16 1034028 0 0 0
0 6180673 0 0 16 1031119 0 0 0
0 6168156 0 0 16 1028209 0 0 0
0 3061775 0 0 16 1025300 0 0 0
0 579760 0 0 16 1022390 0 0 0
0 2408214 0 0 16 1019481 0 0 0
0 5855716 0 0 16 1016572 0 0 0
0 6420442 0 0 16 1013662 0 0 0
0 3344734 0 0 16 1010754 0 0 0
0 705104 0 0 16 1007844 0 0 0
0 2051993 0 0 16 1004935 0 0 0
0 5518481 0 0 16 1002026 0 0 0
0 6684298 0 0 16 999116 0 0 0
0 3757029 0 0 16 996206 0 0 0
0 783284 0 0 16 993297 0 0 0
0 1562719 0 0 16 990388 0 0 0
0 5095425 0 0 16 987479 0 0 0
0 6844868 0 0 16 984570 0 0 0
0 4296552 0 0 16 981661 0 0 0
0 1173100 0 0 16 978751 0 0 0
0 1635708 0 0 16 975842 0 0 0
0 5151840 0 0 16 972933 0 0 0
0 6866819 0 0 16 970024 0 0 0
0 4856989 0 0 16 967114 0 0 0
0 1201998 0 0 16 964205 0 0 0
0 1362949 0 0 16 961296 0 0 0
0 4438279 0 0 16 958386 0 0 0
0 6864884 0 0 16 955477 0 0 0
0 4775107 0 0 16 952568 0 0 0
0 1456336 0 0 16 949659 0 0 0
0 884827 0 0 16 946750 0 0 0
0 3924184 0 0 16 943840 0 0 0
0 6777602 0 0 16 940931 0 0 0
0 5564124 0 0 16 938022 0 0 0
0 1935762 0 0 16 935113 0 0 0
0 883448 0 0 16 932203 0 0 0
0 3554648 0 0 16 929294 0 0 0
0 6487370 0 0 16 926385 0 0 0
0 5402588 0 0 16 923476 0 0 0
0 1883106 0 0 16 920566 0 0 0
0 692261 0 0 16 917657 0 0 0
0 3103583 0 0 16 914748 0 0 0
0 6400305 0 0 16 911839 0 0 0
0 6289707 0 0 16 908929 0 0 0
0 2660201 0 0 16 906020 0 0 0
0 551319 0 0 16 903111 0 0 0
0 2708491 0 0 16 900201 0 0 0
0 5904121 0 0 16 897292 0 0 0
0 6314495 0 0 16 894383 0 0 0
0 2589369 0 0 16 891473 0 0 0
0 602275 0 0 16 888564 0 0 0
0 2579453 0 0 16 885655 0 0 0
0 5872538 0 0 16 882746 0 0 0
0 6622824 0 0 16 879836 0 0 0
0 3809232 0 0 16 876926 0 0 0
0 763609 0 0 16 874017 0 0 0
0 1977809 0 0 16 871108 0 0 0
0 5464331 0 0 16 868199 0 0 0
0 6764033 0 0 16 865290 0 0 0
0 4465028 0 0 16 862380 0 0 0
0 1002988 0 0 16 859471 0 0 0
0 1541272 0 0 16 856562 0 0 0
0 4980976 0 0 16 853653 0 0 0
0 6718896 0 0 16 850744 0 0 0
0 4483745 0 0 16 847834 0 0 0
0 1053989 0 0 16 844925 0 0 0
0 1529733 0 0 16 842016 0 0 0
0 4954147 0 0 16 839107 0 0 0
0 6565545 0 0 16 836197 0 0 0
0 4278469 0 0 16 833288 0 0 0
0 1156940 0 0 16 830379 0 0 0
0 1261978 0 0 16 827470 0 0 0
0 4628867 0 0 16 824560 0 0 0
0 6676413 0 0 16 821651 0 0 0
0 4176931 0 0 16 818742 0 0 0
0 1049033 0 0 16 815832 0 0 0
0 1400873 0 0 16 812923 0 0 0
0 4806773 0 0 16 810014 0 0 0
0 6743905 0 0 16 807105 0 0 0
0 4774670 0 0 16 804195 0 0 0
0 1216209 0 0 16 801286 0 0 0
0 1238025 0 0 16 798377 0 0 0
0 4941883 0 0 16 795467 0 0 0
0 6833820 0 0 16 792558 0 0 0
0 4461569 0 0 16 789649 0 0 0
0 1218286 0 0 16 786740 0 0 0
0 1426214 0 0 16 783831 0 0 0
0 4914380 0 0 16 780921 0 0 0
0 6775983 0 0 16 778012 0 0 0
0 3947194 0 0 16 775102 0 0 0
0 1118666 0 0 16 772193 0 0 0
0 1566319 0 0 16 769284 0 0 0
0 5069984 0 0 16 766375 0 0 0
0 6833389 0 0 16 763466 0 0 0
0 4370631 0 0 16 760556 0 0 0
0 966487 0 0 16 757647 0 0 0
0 1351422 0 0 16 754737 0 0 0
0 5069772 0 0 16 751828 0 0 0
0 6764994 0 0 16 748919 0 0 0
0 4175815 0 0 16 746009 0 0 0
0 1030038 0 0 16 743101 0 0 0
0 1265043 0 0 16 740191 0 0 0
0 4491999 0 0 16 737282 0 0 0
0 6711188 0 0 16 734373 0 0 0
0 4186848 0 0 16 731464 0 0 0
0 1036498 0 0 16 728554 0 0 0
0 1614012 0 0 16 725645 0 0 0
0 4724445 0 0 16 722736 0 0 0
0 6719656 0 0 16 719826 0 0 0
0 4640897 0 0 16 716917 0 0 0
0 1169416 0 0 16 714008 0 0 0
0 1556178 0 0 16 711099 0 0 0
0 5045403 0 0 16 708189 0 0 0
0 6784482 0 0 16 705280 0 0 0
0 4650210 0 0 16 702371 0 0 0
0 1284392 0 0 16 699462 0 0 0
0 1311578 0 0 16 696553 0 0 0
0 4830622 0 0 16 693643 0 0 0
0 6809328 0 0 16 690734 0 0 0
0 4826548 0 0 16 687825 0 0 0
0 1653329 0 0 16 684915 0 0 0
0 1021070 0 0 16 682006 0 0 0
0 4392636 0 0 16 679097 0 0 0
0 6699788 0 0 16 676188 0 0 0
0 5005769 0 0 16 673278 0 0 0
0 1416945 0 0 16 670369 0 0 0
0 820132 0 0 16 667460 0 0 0
0 3857906 0 0 16 664551 0 0 0
0 6647781 0 0 16 661641 0 0 0
0 5389417 0 0 16 658732 0 0 0
0 1973445 0 0 16 655822 0 0 0
0 996680 0 0 16 652913 0 0 0
0 3915151 0 0 16 650004 0 0 0
0 6697496 0 0 16 647095 0 0 0
0 5309782 0 0 16 644185 0 0 0
0 1769550 0 0 16 641276 0 0 0
0 906768 0 0 16 638366 0 0 0
0 3983472 0 0 16 635457 0 0 0
0 6672095 0 0 16 632548 0 0 0
0 5631190 0 0 16 629639 0 0 0
0 1992584 0 0 16 626730 0 0 0
0 843964 0 0 16 623820 0 0 0
0 3793770 0 0 16 620911 0 0 0
0 6639995 0 0 16 618002 0 0 0
0 5667629 0 0 16 615093 0 0 0
0 1822285 0 0 16 612183 0 0 0
0 1104117 0 0 16 609274 0 0 0
0 4278106 0 0 16 606365 0 0 0
0 6728235 0 0 16 603456 0 0 0
0 5077675 0 0 16 600547 0 0 0
0 1627449 0 0 16 597637 0 0 0
0 866349 0 0 16 594728 0 0 0
0 3179469 0 0 16 591819 0 0 0
0 6431837 0 0 16 588909 0 0 0
0 5825423 0 0 16 586000 0 0 0
0 1862951 0 0 16 583091 0 0 0
0 969061 0 0 16 580182 0 0 0
0 4135636 0 0 16 577272 0 0 0
0 6591769 0 0 16 574363 0 0 0
0 5413230 0 0 16 571454 0 0 0
0 1717209 0 0 16 568545 0 0 0
0 1015202 0 0 16 565635 0 0 0
0 3888469 0 0 16 562726 0 0 0
0 6668769 0 0 16 559817 0 0 0
0 5432603 0 0 16 556908 0 0 0
0 1523416 0 0 16 553999 0 0 0
0 1065847 0 0 16 551089 0 0 0
0 4245238 0 0 16 548179 0 0 0
0 6638865 0 0 16 545270 0 0 0
0 4886033 0 0 16 542361 0 0 0
0 1458385 0 0 16 539452 0 0 0
0 1293259 0 0 16 536543 0 0 0
0 4662207 0 0 16 533633 0 0 0
0 6693066 0 0 16 530724 0 0 0
0 4568221 0 0 16 527814 0 0 0
0 1067739 0 0 16 524905 0 0 0
0 1440852 0 0 16 521996 0 0 0
0 4730327 0 0 16 519087 0 0 0
0 6701324 0 0 16 516178 0 0 0
0 4309529 0 0 16 513268 0 0 0
0 1134776 0 0 16 510359 0 0 0
0 1620966 0 0 16 507450 0 0 0
0 5179870 0 0 16 504540 0 0 0
0 6451806 0 0 16 501631 0 0 0
0 3996532 0 0 16 498722 0 0 0
0 960375 0 0 16 495813 0 0 0
0 1745114 0 0 16 492903 0 0 0
0 5246978 0 0 16 489994 0 0 0
0 6771107 0 0 16 487085 0 0 0
0 4076161 0 0 16 484176 0 0 0
0 1004207 0 0 16 481266 0 0 0
0 1783466 0 0 16 478357 0 0 0
0 5519401 0 0 16 475448 0 0 0
0 6360887 0 0 16 472539 0 0 0
0 3693151 0 0 16 469630 0 0 0
0 861318 0 0 16 466720 0 0 0
0 2081204 0 0 16 463811 0 0 0
0 5545704 0 0 16 460902 0 0 0
0 6677130 0 0 16 457992 0 0 0
0 3889554 0 0 16 455083 0 0 0
0 1006087 0 0 16 452174 0 0 0
0 1646210 0 0 16 449265 0 0 0
0 5214482 0 0 16 446355 0 0 0
0 6579380 0 0 16 443446 0 0 0
0 4001544 0 0 16 440537 0 0 0
0 1020833 0 0 16 437627 0 0 0
0 1967662 0 0 16 434718 0 0 0
0 5430604 0 0 16 431809 0 0 0
0 6504949 0 0 16 428900 0 0 0
0 3609948 0 0 16 425990 0 0 0
0 825221 0 0 16 423081 0 0 0
0 1834647 0 0 16 420172 0 0 0
0 5302239 0 0 16 417263 0 0 0
0 6530901 0 0 16 414353 0 0 0
0 3340284 0 0 16 411443 0 0 0
0 701793 0 0 16 408534 0 0 0
0 2277209 0 0 16 405625 0 0 0
0 5668298 0 0 16 402716 0 0 0
0 6593692 0 0 16 399807 0 0 0
0 3715456 0 0 16 396897 0 0 0
0 848696 0 0 16 393988 0 0 0
0 2069771 0 0 16 391079 0 0 0
0 5500736 0 0 16 388169 0 0 0
0 6582737 0 0 16 385260 0 0 0
0 3574594 0 0 16 382351 0 0 0
0 821522 0 0 16 379442 0 0 0
0 2292223 0 0 16 376533 0 0 0
0 5580931 0 0 16 373624 0 0 0
0 6431135 0 0 16 370714 0 0 0
0 3435597 0 0 16 367804 0 0 0
0 833663 0 0 16 364896 0 0 0
0 2920996 0 0 16 361986 0 0 0
0 6116944 0 0 16 359077 0 0 0
0 6183539 0 0 16 356168 0 0 0
0 2739497 0 0 16 353259 0 0 0
0 759664 0 0 16 350350 0 0 0
0 2948956 0 0 16 347440 0 0 0
0 6363866 0 0 16 344531 0 0 0
0 6203290 0 0 16 341622 0 0 0
0 2777146 0 0 16 338712 0 0 0
0 637438 0 0 16 335803 0 0 0
0 3065236 0 0 16 332894 0 0 0
0 6440261 0 0 16 329985 0 0 0
0 5718334 0 0 16 327075 0 0 0
0 2679815 0 0 16 324166 0 0 0
0 732117 0 0 16 321257 0 0 0
0 3134917 0 0 16 318347 0 0 0
0 6163972 0 0 16 315438 0 0 0
0 5952890 0 0 16 312529 0 0 0
0 2627990 0 0 16 309619 0 0 0
0 751346 0 0 16 306710 0 0 0
0 3089343 0 0 16 303801 0 0 0
0 6266857 0 0 16 300891 0 0 0
0 5925499 0 0 16 297983 0 0 0
0 2645892 0 0 16 295073 0 0 0
0 811326 0 0 16 292163 0 0 0
0 2891657 0 0 16 289254 0 0 0
0 6226850 0 0 16 286345 0 0 0
0 5714345 0 0 16 283436 0 0 0
0 2110895 0 0 16 280527 0 0 0
0 658970 0 0 16 277617 0 0 0
0 3048384 0 0 16 274708 0 0 0
0 6275823 0 0 16 271799 0 0 0
0 6036800 0 0 16 268890 0 0 0
0 2434429 0 0 16 265981 0 0 0
0 811011 0 0 16 263071 0 0 0
0 3709274 0 0 16 260162 0 0 0
0 6474520 0 0 16 257253 0 0 0
0 5907490 0 0 16 254343 0 0 0
0 2186886 0 0 16 251434 0 0 0
0 701580 0 0 16 248525 0 0 0
0 3424156 0 0 16 245616 0 0 0
0 6233314 0 0 16 242707 0 0 0
0 6082780 0 0 16 239797 0 0 0
0 2386024 0 0 16 236888 0 0 0
0 688397 0 0 16 233979 0 0 0
0 2825006 0 0 16 231069 0 0 0
0 6114513 0 0 16 228160 0 0 0
0 6002562 0 0 16 225251 0 0 0
0 2651296 0 0 16 222342 0 0 0
0 724323 0 0 16 219432 0 0 0
0 3035314 0 0 16 216523 0 0 0
0 6306471 0 0 16 213614 0 0 0
0 6007871 0 0 16 210704 0 0 0
0 2654185 0 0 16 207795 0 0 0
0 705904 0 0 16 204886 0 0 0
0 2603725 0 0 16 201977 0 0 0
0 6127309 0 0 16 199068 0 0 0
0 6262032 0 0 16 196158 0 0 0
0 3066071 0 0 16 193249 0 0 0
0 695400 0 0 16 190340 0 0 0
0 2376422 0 0 16 187430 0 0 0
0 5901692 0 0 16 184521 0 0 0
0 6372168 0 0 16 181612 0 0 0
0 3212648 0 0 16 178702 0 0 0
0 803855 0 0 16 175793 0 0 0
0 2069777 0 0 16 172883 0 0 0
0 5581498 0 0 16 169974 0 0 0
0 6530037 0 0 16 167065 0 0 0
0 3450930 0 0 16 164156 0 0 0
0 927976 0 0 16 161246 0 0 0
0 2195034 0 0 16 158337 0 0 0
0 5428758 0 0 16 155428 0 0 0
0 6451491 0 0 16 152519 0 0 0
0 3571567 0 0 16 149610 0 0 0
0 872405 0 0 16 146700 0 0 0
0 2254984 0 0 16 143791 0 0 0
0 5731865 0 0 16 140882 0 0 0
0 6329890 0 0 16 137972 0 0 0
0 3208834 0 0 16 135064 0 0 0
0 758975 0 0 16 132154 0 0 0
0 2322691 0 0 16 129245 0 0 0
0 5908181 0 0 16 126336 0 0 0
0 6478483 0 0 16 123426 0 0 0
0 3276374 0 0 16 120517 0 0 0
0 709037 0 0 16 117608 0 0 0
0 2498506 0 0 16 114698 0 0 0
0 5915021 0 0 16 111789 0 0 0
0 6238093 0 0 16 108880 0 0 0
0 2743413 0 0 16 105971 0 0 0
0 767925 0 0 16 103062 0 0 0
0 2430451 0 0 16 100152 0 0 0
0 5776121 0 0 16 97243 0 0 0
0 6483326 0 0 16 94334 0 0 0
0 3259745 0 0 16 91424 0 0 0
0 714464 0 0 16 88515 0 0 0
0 2690328 0 0 16 85606 0 0 0
0 5881170 0 0 16 82697 0 0 0
0 6200999 0 0 16 79788 0 0 0
0 3082780 0 0 16 76878 0 0 0
0 662931 0 0 16 73968 0 0 0
0 3251490 0 0 16 71060 0 0 0
0 6125506 0 0 16 68150 0 0 0
0 6085864 0 0 16 65241 0 0 0
0 2730534 0 0 16 62332 0 0 0
0 709553 0 0 16 59423 0 0 0
0 3304016 0 0 16 56513 0 0 0
0 6293860 0 0 16 53603 0 0 0
0 5793319 0 0 16 50695 0 0 0
0 2402661 0 0 16 47785 0 0 0
0 844830 0 0 16 44876 0 0 0
0 3484821 0 0 16 41967 0 0 0
0 6477330 0 0 16 39058 0 0 0
0 5418034 0 0 16 36148 0 0 0
0 2190843 0 0 16 33239 0 0 0
0 828792 0 0 16 30330 0 0 0
0 3772229 0 0 16 27420 0 0 0
0 6667105 0 0 16 24511 0 0 0
0 5348536 0 0 16 21602 0 0 0
0 1927303 0 0 16 18693 0 0 0
0 858667 0 0 16 15783 0 0 0
0 3952712 0 0 16 12875 0 0 0
0 6715483 0 0 16 9965 0 0 0
0 5348008 0 0 16 7056 0 0 0
0 1685700 0 0 16 4146 0 0 0
0 1200753 0 0 16 1237 0 0 0
0 4296397 0 0 16 -1672 0 0 0
0 6699178 0 0 16 -4581 0 0 0
0 5200141 0 0 16 -7491 0 0 0
0 1621910 0 0 16 -10401 0 0 0
0 1057199 0 0 16 -13310 0 0 0
0 4054824 0 0 16 -16219 0 0 0
0 6716148 0 0 16 -19129 0 0 0
0 5015243 0 0 16 -22038 0 0 0
0 1736624 0 0 16 -24947 0 0 0
0 1088806 0 0 16 -27856 0 0 0
0 4584240 0 0 16 -30766 0 0 0
0 6702825 0 0 16 -33675 0 0 0
0 4550205 0 0 16 -36585 0 0 0
0 1441589 0 0 16 -39494 0 0 0
0 1278372 0 0 16 -42403 0 0 0
0 4709426 0 0 16 -45312 0 0 0
0 6595384 0 0 16 -48221 0 0 0
0 4441398 0 0 16 -51130 0 0 0
0 1036172 0 0 16 -54040 0 0 0
0 1873066 0 0 16 -56950 0 0 0
0 5581965 0 0 16 -59859 0 0 0
0 6378724 0 0 16 -62768 0 0 0
0 2911705 0 0 16 -65677 0 0 0
0 670931 0 0 16 -68586 0 0 0
0 1675979 0 0 16 -71496 0 0 0
0 5809480 0 0 16 -74405 0 0 0
0 6559263 0 0 16 -77314 0 0 0
0 3495809 0 0 16 -80223 0 0 0
0 734102 0 0 16 -83133 0 0 0
0 2633383 0 0 16 -86042 0 0 0
0 6186250 0 0 16 -88951 0 0 0
0 6197595 0 0 16 -91860 0 0 0
0 3106198 0 0 16 -94769 0 0 0
0 756023 0 0 16 -97679 0 0 0
0 2473423 0 0 16 -100588 0 0 0
0 6127082 0 0 16 -103497 0 0 0
0 5704719 0 0 16 -106407 0 0 0
0 2386031 0 0 16 -109316 0 0 0
0 838084 0 0 16 -112225 0 0 0
0 3506126 0 0 16 -115134 0 0 0
0 6440588 0 0 16 -118044 0 0 0
0 5512673 0 0 16 -120953 0 0 0
0 2296502 0 0 16 -123862 0 0 0
0 797590 0 0 16 -126772 0 0 0
0 3733584 0 0 16 -129681 0 0 0
0 6462801 0 0 16 -132590 0 0 0
0 5243406 0 0 16 -135499 0 0 0
0 1639679 0 0 16 -138409 0 0 0
0 847915 0 0 16 -141318 0 0 0
0 4035979 0 0 16 -144227 0 0 0
0 6599047 0 0 16 -147136 0 0 0
0 5493577 0 0 16 -150046 0 0 0
0 1639522 0 0 16 -152956 0 0 0
0 1191265 0 0 16 -155865 0 0 0
0 4364045 0 0 16 -158774 0 0 0
0 6732809 0 0 16 -161683 0 0 0
0 4783539 0 0 16 -164592 0 0 0
0 1412424 0 0 16 -167501 0 0 0
0 1416716 0 0 16 -170411 0 0 0
0 4461838 0 0 16 -173321 0 0 0
0 6664628 0 0 16 -176230 0 0 0
0 4570684 0 0 16 -179139 0 0 0
0 1177217 0 0 16 -182048 0 0 0
0 1684599 0 0 16 -184957 0 0 0
0 4858980 0 0 16 -187866 0 0 0
0 6637940 0 0 16 -190776 0 0 0
0 3954352 0 0 16 -193685 0 0 0
0 1044297 0 0 16 -196594 0 0 0
0 2213373 0 0 16 -199504 0 0 0
0 5293551 0 0 16 -202412 0 0 0
0 6453741 0 0 16 -205322 0 0 0
0 3608865 0 0 16 -208231 0 0 0
0 769531 0 0 16 -211140 0 0 0
0 2733787 0 0 16 -214050 0 0 0
0 5927504 0 0 16 -216959 0 0 0
0 6139916 0 0 16 -219868 0 0 0
0 2951363 0 0 16 -222778 0 0 0
0 686537 0 0 16 -225687 0 0 0
0 2603148 0 0 16 -228596 0 0 0
0 6071271 0 0 16 -231505 0 0 0
0 6125532 0 0 16 -234414 0 0 0
0 3398675 0 0 16 -237324 0 0 0
0 776484 0 0 16 -240233 0 0 0
0 2654577 0 0 16 -243143 0 0 0
0 6008215 0 0 16 -246052 0 0 0
0 6020818 0 0 16 -248961 0 0 0
0 2546707 0 0 16 -251870 0 0 0
0 871104 0 0 16 -254779 0 0 0
0 3098149 0 0 16 -257689 0 0 0
0 6282887 0 0 16 -260598 0 0 0
0 5885651 0 0 16 -263507 0 0 0
0 2550830 0 0 16 -266417 0 0 0
0 849935 0 0 16 -269326 0 0 0
0 3404622 0 0 16 -272235 0 0 0
0 6477259 0 0 16 -275144 0 0 0
0 5651298 0 0 16 -278054 0 0 0
0 2044067 0 0 16 -280963 0 0 0
0 946703 0 0 16 -283872 0 0 0
0 3907349 0 0 16 -286782 0 0 0
0 6540044 0 0 16 -289692 0 0 0
0 5470075 0 0 16 -292601 0 0 0
0 2032957 0 0 16 -295510 0 0 0
0 1188239 0 0 16 -298419 0 0 0
0 4368372 0 0 16 -301328 0 0 0
0 6528908 0 0 16 -304237 0 0 0
0 5020034 0 0 16 -307147 0 0 0
0 1458914 0 0 16 -310056 0 0 0
0 1241853 0 0 16 -312965 0 0 0
0 4515080 0 0 16 -315874 0 0 0
0 6615290 0 0 16 -318783 0 0 0
0 4543489 0 0 16 -321693 0 0 0
0 1181333 0 0 16 -324602 0 0 0
0 1735291 0 0 16 -327511 0 0 0
0 4703623 0 0 16 -330421 0 0 0
0 6493834 0 0 16 -333330 0 0 0
0 4100446 0 0 16 -336239 0 0 0
0 1032457 0 0 16 -339148 0 0 0
0 1997997 0 0 16 -342057 0 0 0
0 5364666 0 0 16 -344967 0 0 0
0 6447054 0 0 16 -347876 0 0 0
0 4058720 0 0 16 -350785 0 0 0
0 926010 0 0 16 -353695 0 0 0
0 2513280 0 0 16 -356604 0 0 0
0 5827522 0 0 16 -359513 0 0 0
0 6355131 0 0 16 -362422 0 0 0
0 3129299 0 0 16 -365332 0 0 0
0 843577 0 0 16 -368241 0 0 0
0 2763350 0 0 16 -371150 0 0 0
0 6253860 0 0 16 -374060 0 0 0
0 5739931 0 0 16 -376969 0 0 0
0 2307770 0 0 16 -379878 0 0 0
0 941660 0 0 16 -382787 0 0 0
0 3601203 0 0 16 -385696 0 0 0
0 6471513 0 0 16 -388606 0 0 0
0 5083794 0 0 16 -391515 0 0 0
0 1695946 0 0 16 -394424 0 0 0
0 1299513 0 0 16 -397334 0 0 0
0 4370069 0 0 16 -400243 0 0 0
0 6671833 0 0 16 -403152 0 0 0
0 4529941 0 0 16 -406062 0 0 0
0 1339344 0 0 16 -408971 0 0 0
0 1662423 0 0 16 -411880 0 0 0
0 4963530 0 0 16 -414789 0 0 0
0 6508046 0 0 16 -417699 0 0 0
0 4055464 0 0 16 -420608 0 0 0
0 1177537 0 0 16 -423517 0 0 0
0 2043400 0 0 16 -426427 0 0 0
0 5319553 0 0 16 -429336 0 0 0
0 6544535 0 0 16 -432245 0 0 0
0 3939201 0 0 16 -435154 0 0 0
0 1069685 0 0 16 -438064 0 0 0
0 2093666 0 0 16 -440972 0 0 0
0 5509899 0 0 16 -443882 0 0 0
0 6452178 0 0 16 -446792 0 0 0
0 3191053 0 0 16 -449700 0 0 0
0 796286 0 0 16 -452610 0 0 0
0 2437528 0 0 16 -455519 0 0 0
0 5969925 0 0 16 -458428 0 0 0
0 5884250 0 0 16 -461337 0 0 0
0 2760775 0 0 16 -464247 0 0 0
0 766603 0 0 16 -467156 0 0 0
0 3237748 0 0 16 -470065 0 0 0
0 6204923 0 0 16 -472975 0 0 0
0 5659254 0 0 16 -475884 0 0 0
0 2531190 0 0 16 -478793 0 0 0
0 861741 0 0 16 -481702 0 0 0
0 3453984 0 0 16 -484611 0 0 0
0 6266135 0 0 16 -487521 0 0 0
0 5063339 0 0 16 -490430 0 0 0
0 1914852 0 0 16 -493340 0 0 0
0 1113299 0 0 16 -496249 0 0 0
0 4035680 0 0 16 -499158 0 0 0
0 6553699 0 0 16 -502067 0 0 0
0 5246991 0 0 16 -504977 0 0 0
0 1903410 0 0 16 -507886 0 0 0
0 1078527 0 0 16 -510796 0 0 0
0 3782403 0 0 16 -513704 0 0 0
0 6482242 0 0 16 -516614 0 0 0
0 5516862 0 0 16 -519523 0 0 0
0 2078865 0 0 16 -522433 0 0 0
0 1014258 0 0 16 -525342 0 0 0
0 3972405 0 0 16 -528251 0 0 0
0 6544547 0 0 16 -531160 0 0 0
0 4863760 0 0 16 -534070 0 0 0
0 1628383 0 0 16 -536979 0 0 0
0 1214708 0 0 16 -539888 0 0 0
0 4321539 0 0 16 -542797 0 0 0
0 6514943 0 0 16 -545706 0 0 0
0 4934789 0 0 16 -548616 0 0 0
0 1524854 0 0 16 -551525 0 0 0
0 1390118 0 0 16 -554434 0 0 0
0 4572716 0 0 16 -557344 0 0 0
0 6562818 0 0 16 -560253 0 0 0
0 4784156 0 0 16 -563162 0 0 0
0 1361294 0 0 16 -566071 0 0 0
0 1548907 0 0 16 -568981 0 0 0
0 4862386 0 0 16 -571890 0 0 0
0 6461864 0 0 16 -574799 0 0 0
0 4055382 0 0 16 -577709 0 0 0
0 1098641 0 0 16 -580618 0 0 0
0 1771203 0 0 16 -583527 0 0 0
0 5076351 0 0 16 -586436 0 0 0
0 6517641 0 0 16 -589345 0 0 0
0 4190306 0 0 16 -592254 0 0 0
0 1116163 0 0 16 -595164 0 0 0
0 1875448 0 0 16 -598073 0 0 0
0 5219731 0 0 16 -600983 0 0 0
0 6588145 0 0 16 -603892 0 0 0
0 4474771 0 0 16 -606801 0 0 0
0 1107658 0 0 16 -609710 0 0 0
0 1741315 0 0 16 -612620 0 0 0
0 5275824 0 0 16 -615529 0 0 0
0 6420483 0 0 16 -618438 0 0 0
0 3701586 0 0 16 -621347 0 0 0
0 1114370 0 0 16 -624257 0 0 0
0 2077125 0 0 16 -627166 0 0 0
0 5573061 0 0 16 -630075 0 0 0
0 6411334 0 0 16 -632985 0 0 0
0 3886978 0 0 16 -635893 0 0 0
0 955608 0 0 16 -638803 0 0 0
0 2216885 0 0 16 -641713 0 0 0
0 5641209 0 0 16 -644622 0 0 0
0 6367464 0 0 16 -647531 0 0 0
0 3598116 0 0 16 -650440 0 0 0
0 1049952 0 0 16 -653349 0 0 0
0 2241266 0 0 16 -656259 0 0 0
0 5707824 0 0 16 -659168 0 0 0
0 6118003 0 0 16 -662078 0 0 0
0 3256145 0 0 16 -664987 0 0 0
0 1103007 0 0 16 -667896 0 0 0
0 1955589 0 0 16 -670805 0 0 0
0 5451780 0 0 16 -673715 0 0 0
0 6226632 0 0 16 -676624 0 0 0
0 3225384 0 0 16 -679533 0 0 0
0 1103266 0 0 16 -682442 0 0 0
0 2281465 0 0 16 -685351 0 0 0
0 5302296 0 0 16 -688260 0 0 0
0 6527238 0 0 16 -691170 0 0 0
0 3636260 0 0 16 -694079 0 0 0
0 988170 0 0 16 -696988 0 0 0
0 2186024 0 0 16 -699897 0 0 0
0 5625437 0 0 16 -702807 0 0 0
0 6453373 0 0 16 -705716 0 0 0
0 3400946 0 0 16 -708625 0 0 0
0 930180 0 0 16 -711535 0 0 0
0 2247670 0 0 16 -714444 0 0 0
0 5440224 0 0 16 -717354 0 0 0
0 6391184 0 0 16 -720262 0 0 0
0 3955906 0 0 16 -723172 0 0 0
0 1063258 0 0 16 -726081 0 0 0
0 2492242 0 0 16 -728990 0 0 0
0 5765672 0 0 16 -731900 0 0 0
0 6143722 0 0 16 -734809 0 0 0
0 3295252 0 0 16 -737718 0 0 0
0 904668 0 0 16 -740628 0 0 0
0 2295057 0 0 16 -743537 0 0 0
0 5710234 0 0 16 -746446 0 0 0
0 6015616 0 0 16 -749355 0 0 0
0 3511405 0 0 16 -752264 0 0 0
0 900702 0 0 16 -755174 0 0 0
0 2530128 0 0 16 -758084 0 0 0
0 5859112 0 0 16 -760993 0 0 0
0 5955453 0 0 16 -763902 0 0 0
0 3197991 0 0 16 -766811 0 0 0
0 987382 0 0 16 -769720 0 0 0
0 2729648 0 0 16 -772630 0 0 0
0 5896775 0 0 16 -775539 0 0 0
0 5859931 0 0 16 -778448 0 0 0
0 2667564 0 0 16 -781358 0 0 0
0 887282 0 0 16 -784267 0 0 0
0 3154416 0 0 16 -787176 0 0 0
0 6120700 0 0 16 -790085 0 0 0
0 5980914 0 0 16 -792994 0 0 0
0 2785557 0 0 16 -795903 0 0 0
0 940874 0 0 16 -798813 0 0 0
0 2965962 0 0 16 -801722 0 0 0
0 5984646 0 0 16 -804632 0 0 0
0 5567163 0 0 16 -807541 0 0 0
0 2888404 0 0 16 -810450 0 0 0
0 999056 0 0 16 -813359 0 0 0
0 3274628 0 0 16 -816268 0 0 0
0 6172989 0 0 16 -819178 0 0 0
0 5743894 0 0 16 -822087 0 0 0
0 2630457 0 0 16 -824997 0 0 0
0 955768 0 0 16 -827906 0 0 0
0 3317726 0 0 16 -830815 0 0 0
0 6280303 0 0 16 -833724 0 0 0
0 5451678 0 0 16 -836633 0 0 0
0 2003215 0 0 16 -839542 0 0 0
0 1276323 0 0 16 -842452 0 0 0
0 4153922 0 0 16 -845361 0 0 0
0 6509481 0 0 16 -848271 0 0 0
0 4616659 0 0 16 -851180 0 0 0
0 1559059 0 0 16 -854089 0 0 0
0 1592474 0 0 16 -856998 0 0 0
0 4599793 0 0 16 -859908 0 0 0
0 6488435 0 0 16 -862817 0 0 0
0 4745236 0 0 16 -865726 0 0 0
0 1543382 0 0 16 -868635 0 0 0
0 1732238 0 0 16 -871545 0 0 0
0 4470647 0 0 16 -874455 0 0 0
0 6494143 0 0 16 -877364 0 0 0
0 4462449 0 0 16 -880273 0 0 0
0 1409689 0 0 16 -883182 0 0 0
0 1683638 0 0 16 -886091 0 0 0
0 4636730 0 0 16 -889000 0 0 0
0 6423137 0 0 16 -891910 0 0 0
0 4967284 0 0 16 -894819 0 0 0
0 1706089 0 0 16 -897729 0 0 0
0 1695156 0 0 16 -900638 0 0 0
0 4690529 0 0 16 -903547 0 0 0
0 6500959 0 0 16 -906456 0 0 0
0 4370690 0 0 16 -909365 0 0 0
0 1181232 0 0 16 -912274 0 0 0
0 1682156 0 0 16 -915184 0 0 0
0 5758682 0 0 16 -918093 0 0 0
0 6533238 0 0 16 -921003 0 0 0
0 4674340 0 0 16 -923911 0 0 0
0 1509028 0 0 16 -926820 0 0 0
0 1598795 0 0 16 -929730 0 0 0
0 4539571 0 0 16 -932639 0 0 0
0 6525642 0 0 16 -935548 0 0 0
0 4488084 0 0 16 -938458 0 0 0
0 1071612 0 0 16 -941367 0 0 0
0 2211196 0 0 16 -944276 0 0 0
0 5301402 0 0 16 -947186 0 0 0
0 6370513 0 0 16 -950095 0 0 0
0 3545689 0 0 16 -953004 0 0 0
0 1094330 0 0 16 -955913 0 0 0
0 2286803 0 0 16 -958823 0 0 0
0 5314269 0 0 16 -961732 0 0 0
0 6380302 0 0 16 -964641 0 0 0
0 3639621 0 0 16 -967551 0 0 0
0 1111122 0 0 16 -970460 0 0 0
0 2655911 0 0 16 -973369 0 0 0
0 5718306 0 0 16 -976278 0 0 0
0 6123013 0 0 16 -979188 0 0 0
0 3126738 0 0 16 -982097 0 0 0
0 1000635 0 0 16 -985006 0 0 0
0 2940158 0 0 16 -987916 0 0 0
0 5977915 0 0 16 -990825 0 0 0
0 6057554 0 0 16 -993735 0 0 0
0 2851631 0 0 16 -996644 0 0 0
0 1002497 0 0 16 -999553 0 0 0
0 2939542 0 0 16 -1002462 0 0 0
0 5777051 0 0 16 -1005372 0 0 0
0 6046131 0 0 16 -1008281 0 0 0
0 2871057 0 0 16 -1011190 0 0 0
0 1009486 0 0 16 -1014099 0 0 0
0 3223538 0 0 16 -1017008 0 0 0
0 6155020 0 0 16 -1019918 0 0 0
0 5377413 0 0 16 -1022827 0 0 0
0 2175375 0 0 16 -1025736 0 0 0
0 1086088 0 0 16 -1028646 0 0 0
0 3766300 0 0 16 -1031555 0 0 0
0 6385007 0 0 16 -1034464 0 0 0
0 5228123 0 0 16 -1037373 0 0 0
0 1849338 0 0 16 -1040282 0 0 0
0 1369314 0 0 16 -1043191 0 0 0
0 4477335 0 0 16 -1046101 0 0 0
0 6438004 0 0 16 -1049010 0 0 0
0 4581119 0 0 16 -1051919 0 0 0
0 1336352 0 0 16 -1054829 0 0 0
0 1902580 0 0 16 -1057738 0 0 0
0 5172079 0 0 16 -1060647 0 0 0
0 6346674 0 0 16 -1063556 0 0 0
0 3917262 0 0 16 -1066466 0 0 0
0 1147024 0 0 16 -1069375 0 0 0
0 2351406 0 0 16 -1072284 0 0 0
0 5558013 0 0 16 -1075193 0 0 0
0 6151878 0 0 16 -1078103 0 0 0
0 3275274 0 0 16 -1081012 0 0 0
0 1145710 0 0 16 -1083921 0 0 0
0 3012056 0 0 16 -1086830 0 0 0
0 6038642 0 0 16 -1089740 0 0 0
0 5939370 0 0 16 -1092649 0 0 0
0 2243829 0 0 16 -1095559 0 0 0
0 1200896 0 0 16 -1098468 0 0 0
0 3956873 0 0 16 -1101377 0 0 0
0 6366213 0 0 16 -1104286 0 0 0
0 4995926 0 0 16 -1107195 0 0 0
0 1848244 0 0 16 -1110105 0 0 0
0 1731262 0 0 16 -1113014 0 0 0
0 4939441 0 0 16 -1115923 0 0 0
0 6315955 0 0 16 -1118833 0 0 0
0 3997073 0 0 16 -1121742 0 0 0
0 1197564 0 0 16 -1124651 0 0 0
0 2297939 0 0 16 -1127560 0 0 0
0 5407906 0 0 16 -1130470 0 0 0
0 6062646 0 0 16 -1133379 0 0 0
0 3284590 0 0 16 -1136288 0 0 0
0 1114880 0 0 16 -1139197 0 0 0
0 3330053 0 0 16 -1142107 0 0 0
0 5942490 0 0 16 -1145016 0 0 0
0 5539832 0 0 16 -1147925 0 0 0
0 2491443 0 0 16 -1150835 0 0 0
0 1144617 0 0 16 -1153744 0 0 0
0 3443830 0 0 16 -1156653 0 0 0
0 5952185 0 0 16 -1159562 0 0 0
0 5295512 0 0 16 -1162471 0 0 0
0 1995145 0 0 16 -1165381 0 0 0
0 1322950 0 0 16 -1168290 0 0 0
0 4331571 0 0 16 -1171199 0 0 0
0 6492566 0 0 16 -1174108 0 0 0
0 4476722 0 0 16 -1177018 0 0 0
0 1678015 0 0 16 -1179927 0 0 0
0 1721744 0 0 16 -1182836 0 0 0
0 5318066 0 0 16 -1185746 0 0 0
0 6218151 0 0 16 -1188655 0 0 0
0 3009038 0 0 16 -1191564 0 0 0
0 1157954 0 0 16 -1194473 0 0 0
0 2841170 0 0 16 -1197383 0 0 0
0 5856822 0 0 16 -1200292 0 0 0
0 5891571 0 0 16 -1203201 0 0 0
0 2596835 0 0 16 -1206110 0 0 0
0 1382482 0 0 16 -1209020 0 0 0
0 3883595 0 0 16 -1211930 0 0 0
0 6288406 0 0 16 -1214839 0 0 0
0 4771301 0 0 16 -1217748 0 0 0
0 1637307 0 0 16 -1220657 0 0 0
0 1591687 0 0 16 -1223566 0 0 0
0 4822567 0 0 16 -1226476 0 0 0
0 6279680 0 0 16 -1229385 0 0 0
0 3986864 0 0 16 -1232294 0 0 0
0 1262642 0 0 16 -1235204 0 0 0
0 2727638 0 0 16 -1238113 0 0 0
0 5485747 0 0 16 -1241022 0 0 0
0 5957777 0 0 16 -1243931 0 0 0
0 2985961 0 0 16 -1246841 0 0 0
0 1050996 0 0 16 -1249750 0 0 0
0 3340711 0 0 16 -1252659 0 0 0
0 6251005 0 0 16 -1255568 0 0 0
0 5395528 0 0 16 -1258478 0 0 0
0 2217591 0 0 16 -1261387 0 0 0
0 1345517 0 0 16 -1264296 0 0 0
0 4077910 0 0 16 -1267206 0 0 0
0 6196758 0 0 16 -1270114 0 0 0
0 4612942 0 0 16 -1273024 0 0 0
0 1589398 0 0 16 -1275934 0 0 0
0 1805435 0 0 16 -1278842 0 0 0
0 4842522 0 0 16 -1281752 0 0 0
0 6360184 0 0 16 -1284661 0 0 0
0 4287814 0 0 16 -1287570 0 0 0
0 1336481 0 0 16 -1290479 0 0 0
0 2127442 0 0 16 -1293388 0 0 0
0 5340309 0 0 16 -1296298 0 0 0
0 6176502 0 0 16 -1299207 0 0 0
0 3581697 0 0 16 -1302117 0 0 0
0 1174371 0 0 16 -1305026 0 0 0
0 2744487 0 0 16 -1307935 0 0 0
0 5699519 0 0 16 -1310844 0 0 0
0 5780221 0 0 16 -1313754 0 0 0
0 2430727 0 0 16 -1316663 0 0 0
0 1133788 0 0 16 -1319572 0 0 0
0 3667562 0 0 16 -1322481 0 0 0
0 6294333 0 0 16 -1325391 0 0 0
0 4706285 0 0 16 -1328300 0 0 0
0 1714649 0 0 16 -1331209 0 0 0
0 1707172 0 0 16 -1334119 0 0 0
0 5010848 0 0 16 -1337028 0 0 0
0 6337355 0 0 16 -1339937 0 0 0
0 3845357 0 0 16 -1342847 0 0 0
0 1279536 0 0 16 -1345756 0 0 0
0 2108308 0 0 16 -1348665 0 0 0
0 5378377 0 0 16 -1351574 0 0 0
0 6248562 0 0 16 -1354483 0 0 0
0 3939685 0 0 16 -1357393 0 0 0
0 1206547 0 0 16 -1360302 0 0 0
0 2246572 0 0 16 -1363211 0 0 0
0 5559359 0 0 16 -1366121 0 0 0
0 6187688 0 0 16 -1369030 0 0 0
0 3485648 0 0 16 -1371939 0 0 0
0 1267109 0 0 16 -1374848 0 0 0
0 3036767 0 0 16 -1377757 0 0 0
0 5844184 0 0 16 -1380667 0 0 0
0 5708083 0 0 16 -1383576 0 0 0
0 2477224 0 0 16 -1386485 0 0 0
0 1339584 0 0 16 -1389395 0 0 0
0 3857008 0 0 16 -1392304 0 0 0
0 6215653 0 0 16 -1395213 0 0 0
0 4815934 0 0 16 -1398122 0 0 0
0 1672932 0 0 16 -1401032 0 0 0
0 1865616 0 0 16 -1403941 0 0 0
0 4834516 0 0 16 -1406850 0 0 0
0 6215050 0 0 16 -1409759 0 0 0
0 3415541 0 0 16 -1412669 0 0 0
0 1223304 0 0 16 -1415578 0 0 0
0 2635198 0 0 16 -1418487 0 0 0
0 5531032 0 0 16 -1421396 0 0 0
0 5888121 0 0 16 -1424306 0 0 0
0 3105228 0 0 16 -1427215 0 0 0
0 1164799 0 0 16 -1430124 0 0 0
0 3407775 0 0 16 -1433034 0 0 0
0 6019841 0 0 16 -1435943 0 0 0
0 5575681 0 0 16 -1438852 0 0 0
0 2148564 0 0 16 -1441762 0 0 0
0 1295522 0 0 16 -1444671 0 0 0
0 4074768 0 0 16 -1447580 0 0 0
0 6284755 0 0 16 -1450489 0 0 0
0 4935959 0 0 16 -1453398 0 0 0
0 1683304 0 0 16 -1456309 0 0 0
0 1641328 0 0 16 -1459218 0 0 0
0 4959614 0 0 16 -1462127 0 0 0
0 6200898 0 0 16 -1465036 0 0 0
0 3777251 0 0 16 -1467945 0 0 0
0 1302283 0 0 16 -1470854 0 0 0
0 2503064 0 0 16 -1473764 0 0 0
0 5598631 0 0 16 -1476673 0 0 0
0 5990237 0 0 16 -1479582 0 0 0
0 3221684 0 0 16 -1482492 0 0 0
0 1168536 0 0 16 -1485401 0 0 0
0 2737436 0 0 16 -1488310 0 0 0
0 5765148 0 0 16 -1491219 0 0 0
0 5650317 0 0 16 -1494128 0 0 0
0 2534986 0 0 16 -1497038 0 0 0
0 1234208 0 0 16 -1499947 0 0 0
0 3364347 0 0 16 -1502856 0 0 0
0 6093292 0 0 16 -1505766 0 0 0
0 5424597 0 0 16 -1508675 0 0 0
0 2238506 0 0 16 -1511584 0 0 0
0 1387499 0 0 16 -1514493 0 0 0
0 4065575 0 0 16 -1517402 0 0 0
0 6218808 0 0 16 -1520312 0 0 0
0 4751165 0 0 16 -1523221 0 0 0
0 1707852 0 0 16 -1526130 0 0 0
0 1836929 0 0 16 -1529040 0 0 0
0 4949699 0 0 16 -1531949 0 0 0
0 6261741 0 0 16 -1534858 0 0 0
0 3996070 0 0 16 -1537767 0 0 0
0 1203880 0 0 16 -1540677 0 0 0
0 2363577 0 0 16 -1543586 0 0 0
0 5633804 0 0 16 -1546496 0 0 0
0 5906760 0 0 16 -1549404 0 0 0
0 2999120 0 0 16 -1552314 0 0 0
0 1135387 0 0 16 -1555223 0 0 0
0 2976857 0 0 16 -1558133 0 0 0
0 6018564 0 0 16 -1561041 0 0 0
0 5413310 0 0 16 -1563951 0 0 0
0 2318134 0 0 16 -1566860 0 0 0
0 1380290 0 0 16 -1569770 0 0 0
0 3736412 0 0 16 -1572679 0 0 0
0 6180123 0 0 16 -1575589 0 0 0
0 4715303 0 0 16 -1578498 0 0 0
0 1584924 0 0 16 -1581407 0 0 0
0 2220934 0 0 16 -1584316 0 0 0
0 5022643 0 0 16 -1587225 0 0 0
0 6125159 0 0 16 -1590134 0 0 0
0 3546146 0 0 16 -1593044 0 0 0
0 1310753 0 0 16 -1595953 0 0 0
0 2919694 0 0 16 -1598862 0 0 0
0 5865004 0 0 16 -1601771 0 0 0
0 5765759 0 0 16 -1604681 0 0 0
0 2600188 0 0 16 -1607590 0 0 0
0 1270869 0 0 16 -1610499 0 0 0
0 3762684 0 0 16 -1613409 0 0 0
0 6228922 0 0 16 -1616318 0 0 0
0 4711773 0 0 16 -1619227 0 0 0
0 1789547 0 0 16 -1622137 0 0 0
0 1681213 0 0 16 -1625045 0 0 0
0 4822724 0 0 16 -1627955 0 0 0
0 6176169 0 0 16 -1630864 0 0 0
0 4061046 0 0 16 -1633773 0 0 0
0 1311321 0 0 16 -1636683 0 0 0
0 2239087 0 0 16 -1639592 0 0 0
0 5378156 0 0 16 -1642501 0 0 0
0 6073416 0 0 16 -1645410 0 0 0
0 3286569 0 0 16 -1648319 0 0 0
0 1210984 0 0 16 -1651229 0 0 0
0 3333312 0 0 16 -1654138 0 0 0
0 6181335 0 0 16 -1657047 0 0 0
0 5030021 0 0 16 -1659957 0 0 0
0 2002944 0 0 16 -1662866 0 0 0
0 1348253 0 0 16 -1665775 0 0 0
0 4120465 0 0 16 -1668684 0 0 0
0 6155053 0 0 16 -1671593 0 0 0
0 4424174 0 0 16 -1674503 0 0 0
0 1608345 0 0 16 -1677412 0 0 0
0 1844996 0 0 16 -1680322 0 0 0
0 4986078 0 0 16 -1683231 0 0 0
0 6080497 0 0 16 -1686140 0 0 0
0 3451939 0 0 16 -1689049 0 0 0
0 1398603 0 0 16 -1691959 0 0 0
0 2761104 0 0 16 -1694868 0 0 0
0 5602396 0 0 16 -1697778 0 0 0
0 5692501 0 0 16 -1700687 0 0 0
0 2679093 0 0 16 -1703596 0 0 0
0 1510900 0 0 16 -1706505 0 0 0
0 3777682 0 0 16 -1709415 0 0 0
0 6132999 0 0 16 -1712324 0 0 0
0 5358965 0 0 16 -1715233 0 0 0
0 2150458 0 0 16 -1718142 0 0 0
0 1618650 0 0 16 -1721051 0 0 0
0 4565926 0 0 16 -1723961 0 0 0
0 6206657 0 0 16 -1726871 0 0 0
0 4248048 0 0 16 -1729779 0 0 0
0 1373206 0 0 16 -1732689 0 0 0
0 2253431 0 0 16 -1735598 0 0 0
0 5302690 0 0 16 -1738507 0 0 0
0 5875143 0 0 16 -1741416 0 0 0
0 3162484 0 0 16 -1744325 0 0 0
0 1224256 0 0 16 -1747235 0 0 0
0 2700925 0 0 16 -1750144 0 0 0
0 5804301 0 0 16 -1753053 0 0 0
0 5513631 0 0 16 -1755963 0 0 0
0 2396774 0 0 16 -1758872 0 0 0
0 1340464 0 0 16 -1761781 0 0 0
0 4038923 0 0 16 -1764690 0 0 0
0 6185958 0 0 16 -1767600 0 0 0
0 4719891 0 0 16 -1770509 0 0 0
0 1994484 0 0 16 -1773418 0 0 0
0 1578628 0 0 16 -1776328 0 0 0
0 4521985 0 0 16 -1779237 0 0 0
0 6247199 0 0 16 -1782146 0 0 0
0 4489166 0 0 16 -1785055 0 0 0
0 1810785 0 0 16 -1787964 0 0 0
0 1921018 0 0 16 -1790874 0 0 0
0 5026829 0 0 16 -1793783 0 0 0
0 6109264 0 0 16 -1796693 0 0 0
0 3861539 0 0 16 -1799602 0 0 0
0 1400619 0 0 16 -1802511 0 0 0
0 2328645 0 0 16 -1805420 0 0 0
0 5277269 0 0 16 -1808329 0 0 0
0 5850113 0 0 16 -1811239 0 0 0
0 2848935 0 0 16 -1814149 0 0 0
0 1281638 0 0 16 -1817058 0 0 0
0 3470807 0 0 16 -1819967 0 0 0
0 5987708 0 0 16 -1822876 0 0 0
0 4921050 0 0 16 -1825785 0 0 0
0 2117814 0 0 16 -1828694 0 0 0
0 1568747 0 0 16 -1831604 0 0 0
0 4253573 0 0 16 -1834513 0 0 0
0 6188148 0 0 16 -1837422 0 0 0
0 4524100 0 0 16 -1840332 0 0 0
0 1593100 0 0 16 -1843241 0 0 0
0 1883222 0 0 16 -1846150 0 0 0
0 4907403 0 0 16 -1849059 0 0 0
0 6137689 0 0 16 -1851969 0 0 0
0 4045592 0 0 16 -1854878 0 0 0
0 1460020 0 0 16 -1857787 0 0 0
0 2276413 0 0 16 -1860696 0 0 0
0 5430621 0 0 16 -1863606 0 0 0
0 5810454 0 0 16 -1866515 0 0 0
0 2967372 0 0 16 -1869424 0 0 0
0 1305062 0 0 16 -1872333 0 0 0
0 3295659 0 0 16 -1875243 0 0 0
0 5842093 0 0 16 -1878152 0 0 0
0 5105273 0 0 16 -1881061 0 0 0
0 2136634 0 0 16 -1883970 0 0 0
0 1635589 0 0 16 -1886880 0 0 0
0 4123364 0 0 16 -1889789 0 0 0
0 6167917 0 0 16 -1892698 0 0 0
0 4363785 0 0 16 -1895607 0 0 0
0 1545742 0 0 16 -1898517 0 0 0
0 2085630 0 0 16 -1901426 0 0 0
0 5009369 0 0 16 -1904335 0 0 0
0 6061116 0 0 16 -1907244 0 0 0
0 3255412 0 0 16 -1910154 0 0 0
0 1296408 0 0 16 -1913063 0 0 0
0 3387793 0 0 16 -1915972 0 0 0
0 6004823 0 0 16 -1918882 0 0 0
0 5101068 0 0 16 -1921791 0 0 0
0 2151489 0 0 16 -1924700 0 0 0
0 1495258 0 0 16 -1927610 0 0 0
0 4326152 0 0 16 -1930520 0 0 0
0 6187520 0 0 16 -1933429 0 0 0
0 4201386 0 0 16 -1936338 0 0 0
0 1457661 0 0 16 -1939247 0 0 0
0 2268354 0 0 16 -1942156 0 0 0
0 5463427 0 0 16 -1945065 0 0 0
0 5739784 0 0 16 -1947974 0 0 0
0 3235729 0 0 16 -1950884 0 0 0
0 1417664 0 0 16 -1953793 0 0 0
0 3462597 0 0 16 -1956702 0 0 0
0 6020502 0 0 16 -1959611 0 0 0
0 5106416 0 0 16 -1962521 0 0 0
0 2047187 0 0 16 -1965430 0 0 0
0 1566031 0 0 16 -1968339 0 0 0
0 4384623 0 0 16 -1971249 0 0 0
0 6200742 0 0 16 -1974158 0 0 0
0 3954877 0 0 16 -1977067 0 0 0
0 1488223 0 0 16 -1979976 0 0 0
0 2375354 0 0 16 -1982886 0 0 0
0 5225189 0 0 16 -1985795 0 0 0
0 5875555 0 0 16 -1988704 0 0 0
0 3184098 0 0 16 -1991613 0 0 0
0 1424033 0 0 16 -1994522 0 0 0
0 3161020 0 0 16 -1997432 0 0 0
0 5791599 0 0 16 -2000341 0 0 0
0 5421265 0 0 16 -2003251 0 0 0
0 2320150 0 0 16 -2006160 0 0 0
0 1464165 0 0 16 -2009069 0 0 0
0 4129922 0 0 16 -2011978 0 0 0
0 6146824 0 0 16 -2014887 0 0 0
0 4389529 0 0 16 -2017797 0 0 0
0 1544278 0 0 16 -2020706 0 0 0
0 2309117 0 0 16 -2023615 0 0 0
0 5428501 0 0 16 -2026525 0 0 0
0 5713542 0 0 16 -2029434 0 0 0
0 3216553 0 0 16 -2032343 0 0 0
0 1260277 0 0 16 -2035252 0 0 0
0 3362990 0 0 16 -2038162 0 0 0
0 5984848 0 0 16 -2041071 0 0 0
0 4822978 0 0 16 -2043981 0 0 0
0 2031504 0 0 16 -2046890 0 0 0
0 1590941 0 0 16 -2049800 0 0 0
0 4386992 0 0 16 -2052708 0 0 0
0 6120022 0 0 16 -2055618 0 0 0
0 4087447 0 0 16 -2058527 0 0 0
0 1616221 0 0 16 -2061436 0 0 0
0 2409847 0 0 16 -2064345 0 0 0
0 5478975 0 0 16 -2067255 0 0 0
0 5819100 0 0 16 -2070164 0 0 0
0 3013401 0 0 16 -2073073 0 0 0
0 1415124 0 0 16 -2075982 0 0 0
0 3524495 0 0 16 -2078892 0 0 0
0 5952665 0 0 16 -2081801 0 0 0
0 5050739 0 0 16 -2084710 0 0 0
0 2066623 0 0 16 -2087619 0 0 0
0 1481548 0 0 16 -2090529 0 0 0
0 4269105 0 0 16 -2093438 0 0 0
0 6004654 0 0 16 -2096347 0 0 0
0 3949211 0 0 16 -2099256 0 0 0
0 1466854 0 0 16 -2102166 0 0 0
0 2681376 0 0 16 -2105075 0 0 0
0 5349117 0 0 16 -2107984 0 0 0
0 5650678 0 0 16 -2110894 0 0 0
0 2673429 0 0 16 -2113803 0 0 0
0 1501097 0 0 16 -2116712 0 0 0
0 3940410 0 0 16 -2119621 0 0 0
0 6097472 0 0 16 -2122531 0 0 0
0 5033060 0 0 16 -2125440 0 0 0
0 2318388 0 0 16 -2128349 0 0 0
0 1713988 0 0 16 -2131258 0 0 0
0 4480895 0 0 16 -2134168 0 0 0
0 6091608 0 0 16 -2137077 0 0 0
0 4385573 0 0 16 -2139986 0 0 0
0 1683612 0 0 16 -2142895 0 0 0
0 2255209 0 0 16 -2145805 0 0 0
0 5325449 0 0 16 -2148714 0 0 0
0 5670154 0 0 16 -2151623 0 0 0
0 2874353 0 0 16 -2154533 0 0 0
0 1454768 0 0 16 -2157442 0 0 0
0 3505615 0 0 16 -2160352 0 0 0
0 6021405 0 0 16 -2163261 0 0 0
0 4787877 0 0 16 -2166170 0 0 0
0 1815625 0 0 16 -2169079 0 0 0
0 1883526 0 0 16 -2171988 0 0 0
0 4924208 0 0 16 -2174897 0 0 0
0 5932175 0 0 16 -2177806 0 0 0
0 3164740 0 0 16 -2180716 0 0 0
0 1400484 0 0 16 -2183626 0 0 0
0 3521731 0 0 16 -2186535 0 0 0
0 5923617 0 0 16 -2189444 0 0 0
0 4998391 0 0 16 -2192353 0 0 0
0 2050881 0 0 16 -2195262 0 0 0
0 1798579 0 0 16 -2198171 0 0 0
0 4529973 0 0 16 -2201081 0 0 0
0 6066950 0 0 16 -2203990 0 0 0
0 4055290 0 0 16 -2206899 0 0 0
0 1551151 0 0 16 -2209809 0 0 0
0 2162998 0 0 16 -2212718 0 0 0
0 5331071 0 0 16 -2215627 0 0 0
0 5716014 0 0 16 -2218536 0 0 0
0 2969862 0 0 16 -2221445 0 0 0
0 1398100 0 0 16 -2224355 0 0 0
0 3093070 0 0 16 -2227264 0 0 0
0 5882130 0 0 16 -2230173 0 0 0
0 4993252 0 0 16 -2233083 0 0 0
0 2245667 0 0 16 -2235992 0 0 0
0 1823719 0 0 16 -2238901 0 0 0
0 4385521 0 0 16 -2241810 0 0 0
0 6077564 0 0 16 -2244720 0 0 0
0 4345490 0 0 16 -2247629 0 0 0
0 1732689 0 0 16 -2250539 0 0 0
0 2174990 0 0 16 -2253448 0 0 0
0 4964839 0 0 16 -2256357 0 0 0
0 5890784 0 0 16 -2259266 0 0 0
0 3385736 0 0 16 -2262176 0 0 0
0 1408850 0 0 16 -2265085 0 0 0
0 3036739 0 0 16 -2267994 0 0 0
0 5749962 0 0 16 -2270904 0 0 0
0 5387879 0 0 16 -2273812 0 0 0
0 2541031 0 0 16 -2276722 0 0 0
0 1448210 0 0 16 -2279632 0 0 0
0 3764583 0 0 16 -2282541 0 0 0
0 5899400 0 0 16 -2285450 0 0 0
0 4776311 0 0 16 -2288359 0 0 0
0 1830043 0 0 16 -2291269 0 0 0
0 2001218 0 0 16 -2294178 0 0 0
0 4799172 0 0 16 -2297087 0 0 0
0 5873404 0 0 16 -2299996 0 0 0
0 3606132 0 0 16 -2302905 0 0 0
0 1457966 0 0 16 -2305815 0 0 0
0 2857921 0 0 16 -2308724 0 0 0
0 5700931 0 0 16 -2311633 0 0 0
0 5304859 0 0 16 -2314542 0 0 0
0 2517835 0 0 16 -2317452 0 0 0
0 1446552 0 0 16 -2320361 0 0 0
0 3918614 0 0 16 -2323270 0 0 0
0 6033056 0 0 16 -2326180 0 0 0
0 4474031 0 0 16 -2329089 0 0 0
0 1776925 0 0 16 -2331998 0 0 0
0 2263749 0 0 16 -2334907 0 0 0
0 5145480 0 0 16 -2337817 0 0 0
0 5712845 0 0 16 -2340726 0 0 0
0 3010211 0 0 16 -2343635 0 0 0
0 1436042 0 0 16 -2346544 0 0 0
0 3633633 0 0 16 -2349453 0 0 0
0 5894182 0 0 16 -2352363 0 0 0
0 5087769 0 0 16 -2355272 0 0 0
0 2136196 0 0 16 -2358181 0 0 0
0 1917019 0 0 16 -2361091 0 0 0
0 4706253 0 0 16 -2364000 0 0 0
0 5975081 0 0 16 -2366909 0 0 0
0 3750534 0 0 16 -2369818 0 0 0
0 1511882 0 0 16 -2372727 0 0 0
0 2707154 0 0 16 -2375637 0 0 0
0 5506320 0 0 16 -2378546 0 0 0
0 5419238 0 0 16 -2381456 0 0 0
0 2570843 0 0 16 -2384365 0 0 0
0 1455013 0 0 16 -2387274 0 0 0
0 3651838 0 0 16 -2390183 0 0 0
0 5906937 0 0 16 -2393093 0 0 0
0 4856109 0 0 16 -2396002 0 0 0
0 2174289 0 0 16 -2398912 0 0 0
0 1839178 0 0 16 -2401821 0 0 0
0 4528452 0 0 16 -2404730 0 0 0
0 5906828 0 0 16 -2407639 0 0 0
0 3776895 0 0 16 -2410548 0 0 0
0 1566001 0 0 16 -2413458 0 0 0
0 2747161 0 0 16 -2416367 0 0 0
0 5621697 0 0 16 -2419276 0 0 0
0 5440541 0 0 16 -2422186 0 0 0
0 2933686 0 0 16 -2425095 0 0 0
0 1516469 0 0 16 -2428004 0 0 0
0 3846557 0 0 16 -2430913 0 0 0
0 5973198 0 0 16 -2433823 0 0 0
0 5017988 0 0 16 -2436731 0 0 0
0 2236957 0 0 16 -2439641 0 0 0
0 1695287 0 0 16 -2442550 0 0 0
0 4479968 0 0 16 -2445459 0 0 0
0 5993281 0 0 16 -2448368 0 0 0
0 3908507 0 0 16 -2451278 0 0 0
0 1517945 0 0 16 -2454187 0 0 0
0 2738968 0 0 16 -2457096 0 0 0
0 5404619 0 0 16 -2460006 0 0 0
0 5593196 0 0 16 -2462915 0 0 0
0 2871748 0 0 16 -2465824 0 0 0
0 1492324 0 0 16 -2468733 0 0 0
0 3911544 0 0 16 -2471643 0 0 0
0 5937990 0 0 16 -2474552 0 0 0
0 5059126 0 0 16 -2477461 0 0 0
0 2383905 0 0 16 -2480370 0 0 0
0 1867690 0 0 16 -2483280 0 0 0
0 4701503 0 0 16 -2486189 0 0 0
0 5963384 0 0 16 -2489098 0 0 0
0 4059842 0 0 16 -2492008 0 0 0
0 1678687 0 0 16 -2494917 0 0 0
0 2575706 0 0 16 -2497826 0 0 0
0 5474611 0 0 16 -2500736 0 0 0
0 5557229 0 0 16 -2503645 0 0 0
0 3008666 0 0 16 -2506554 0 0 0
0 1528458 0 0 16 -2509464 0 0 0
0 3886430 0 0 16 -2512373 0 0 0
0 5923616 0 0 16 -2515283 0 0 0
0 4094601 0 0 16 -2518192 0 0 0
0 1753593 0 0 16 -2521101 0 0 0
0 2179268 0 0 16 -2524010 0 0 0
0 4975734 0 0 16 -2526919 0 0 0
0 5919650 0 0 16 -2529828 0 0 0
0 3387117 0 0 16 -2532738 0 0 0
0 1440430 0 0 16 -2535647 0 0 0
0 2842684 0 0 16 -2538556 0 0 0
0 5214816 0 0 16 -2541466 0 0 0
0 5561687 0 0 16 -2544375 0 0 0
0 2719703 0 0 16 -2547284 0 0 0
0 1422265 0 0 16 -2550193 0 0 0
0 3758570 0 0 16 -2553102 0 0 0
0 5765358 0 0 16 -2556012 0 0 0
0 5020688 0 0 16 -2558921 0 0 0
0 2238037 0 0 16 -2561830 0 0 0
0 1670194 0 0 16 -2564740 0 0 0
0 4226494 0 0 16 -2567649 0 0 0
0 5887908 0 0 16 -2570558 0 0 0
0 4179452 0 0 16 -2573467 0 0 0
0 1786940 0 0 16 -2576376 0 0 0
0 2144276 0 0 16 -2579286 0 0 0
