ADC1 ADC2 tv_sec tv_usec M_STAT M_POS LVDT_DL LVDT actual_speed
0 8407907 1772 496253 0 -4150839 0 0 -22250194
0 8407897 1772 516382 0 -4150812 0 0 -22250060
0 8407902 1772 536513 0 -4150736 0 0 -22249682
0 8407904 1772 556642 0 -4150614 0 0 -22249076
0 8407899 1772 576771 0 -4150444 0 0 -22248231
0 8407894 1772 596900 0 -4150227 0 0 -22247153
0 8407899 1772 617029 0 -4149963 0 0 -22245842
0 8407894 1772 637156 0 -4149652 0 0 -22244297
0 8407901 1772 657286 0 -4149293 0 0 -22242513
0 8407902 1772 677415 0 -4148888 0 0 -22240501
0 8407905 1772 697544 0 -4148435 0 0 11943
0 8407901 1772 717673 0 -4147935 0 0 14293
0 8407898 1772 737803 0 -4147388 0 0 16633
0 8407930 1772 757930 0 -4146794 0 0 18978
0 8407904 1772 778059 0 -4146152 0 0 21323
0 8407905 1772 798191 0 -4145464 0 0 23662
0 8407907 1772 818320 4 -4144728 0 0 26007
0 8407900 1772 838449 4 -4143945 0 0 28352
0 8407900 1772 858577 4 -4143115 0 0 30692
0 8407891 1772 878707 4 -4142238 0 0 33037
0 8407903 1772 898834 0 -4141313 0 0 35382
0 8407905 1772 918963 0 -4140351 0 0 37677
0 8407897 1772 939094 0 -4139377 0 0 39798
0 8407903 1772 959220 0 -4138391 0 0 41746
0 8407900 1772 979351 0 -4137392 0 0 43519
0 8407893 1772 999479 0 -4136383 0 0 45114
0 8407903 1773 19608 0 -4135361 0 0 46535
0 8407907 1773 39737 0 -4134327 0 0 47782
0 8407892 1773 59867 0 -4133282 0 0 48850
0 8407910 1773 79994 0 -4132225 0 0 49745
0 8407904 1773 100123 0 -4131156 0 0 50460
0 8407900 1773 120253 0 -4130075 0 0 51051
0 8407898 1773 140382 0 -4128983 0 0 51637
0 8407900 1773 160510 0 -4127879 0 0 52223
0 8407902 1773 180639 0 -4126763 0 0 52805
0 8407902 1773 200768 0 -4125635 0 0 53396
0 8407901 1773 220897 0 -4124495 0 0 53982
0 8407898 1773 241027 0 -4123344 0 0 54563
0 8407910 1773 261156 0 -4122180 0 0 55154
0 8407899 1773 281285 0 -4121005 0 0 55740
0 8407901 1773 301414 0 -4119819 0 0 56321
0 8407893 1773 321543 0 -4118620 0 0 56908
0 8407906 1773 341672 0 -4117410 0 0 57494
0 8407895 1773 361801 0 -4116187 0 0 58085
0 8407897 1773 381930 0 -4114953 0 0 58672
0 8407897 1773 402059 0 -4113707 0 0 59258
0 8407894 1773 422188 0 -4112450 0 0 59839
0 8407900 1773 442317 0 -4111181 0 0 60425
0 8407898 1773 462446 0 -4109900 0 0 61006
0 8407899 1773 482576 0 -4108607 0 0 61592
0 8407903 1773 502705 0 -4107302 0 0 62184
0 8407910 1773 522832 0 -4105985 0 0 62770
0 8407901 1773 542962 0 -4104656 0 0 63361
0 8407896 1773 563091 0 -4103317 0 0 63937
0 8407897 1773 583220 0 -4101965 0 0 64524
0 8407898 1773 603351 0 -4100601 0 0 65109
0 8407901 1773 623481 0 -4099226 0 0 65695
0 8407900 1773 643610 0 -4097838 0 0 66286
0 8407895 1773 663737 0 -4096439 0 0 66873
0 8407896 1773 683864 0 -4095028 0 0 67461
0 8407902 1773 703994 0 -4093606 0 0 68041
0 8407894 1773 724125 0 -4092171 0 0 68626
0 8407897 1773 744252 0 -4090725 0 0 69209
0 8407893 1773 764381 0 -4089267 0 0 69800
0 8407902 1773 784513 0 -4087797 0 0 70385
0 8407903 1773 804638 0 -4086316 0 0 70968
0 8407905 1773 824768 0 -4084822 0 0 71559
0 8407908 1773 844897 0 -4083317 0 0 72141
0 8407900 1773 865026 0 -4081800 0 0 72726
0 8407901 1773 885155 0 -4080271 0 0 73312
0 8407901 1773 905285 0 -4078731 0 0 73898
0 8407902 1773 925412 0 -4077178 0 0 74486
0 8407900 1773 945541 0 -4075614 0 0 75071
0 8407896 1773 965671 0 -4074038 0 0 75657
0 8407903 1773 985800 0 -4072450 0 0 76244
0 8407906 1774 5930 0 -4070851 0 0 76829
0 8407896 1774 26057 0 -4069239 0 0 77416
0 8407891 1774 46186 0 -4067616 0 0 78002
0 8407898 1774 66317 0 -4065982 0 0 78583
0 8407905 1774 86446 0 -4064335 0 0 79169
0 8407895 1774 106575 0 -4062676 0 0 79761
0 8407895 1774 126702 0 -4061006 0 0 80342
0 8407902 1774 146831 0 -4059324 0 0 80928
0 8407907 1774 166960 0 -4057630 0 0 81515
0 8407901 1774 187089 0 -4055924 0 0 82101
0 8407902 1774 207220 0 -4054206 0 0 82692
0 8407901 1774 227349 0 -4052477 0 0 83272
0 8407899 1774 247478 0 -4050736 0 0 83859
0 8407905 1774 267607 0 -4048984 0 0 84445
0 8407901 1774 287734 0 -4047219 0 0 85032
0 8407906 1774 307863 0 -4045442 0 0 85618
0 8407899 1774 327993 0 -4043654 0 0 86204
0 8407902 1774 348122 0 -4041854 0 0 86790
0 8407892 1774 368251 0 -4040042 0 0 87376
0 8407902 1774 388380 0 -4038219 0 0 87957
0 8407903 1774 408510 0 -4036383 0 0 88543
0 8407898 1774 428641 0 -4034536 0 0 89129
0 8407898 1774 448768 0 -4032677 0 0 89716
0 8407908 1774 468897 0 -4030807 0 0 90303
0 8407904 1774 489024 0 -4028924 0 0 90889
0 8407899 1774 509156 0 -4027029 0 0 91474
0 8407904 1774 529285 0 -4025124 0 0 92055
0 8407893 1774 549412 0 -4023205 0 0 92647
0 8407900 1774 569542 0 -4021276 0 0 93228
0 8407906 1774 589673 0 -4019334 0 0 93818
0 8407905 1774 609799 0 -4017381 0 0 94402
0 8407896 1774 629928 0 -4015416 0 0 94989
0 8407898 1774 650057 0 -4013439 0 0 95574
0 8407905 1774 670186 0 -4011450 0 0 96165
0 8407899 1774 690315 0 -4009450 0 0 96746
0 8407898 1774 710445 0 -4007438 0 0 97328
0 8407895 1774 730572 0 -4005414 0 0 97920
0 8407899 1774 750701 0 -4003378 0 0 98500
0 8407893 1774 770831 0 -4001330 0 0 99091
0 8407909 1774 790961 0 -3999271 0 0 99673
0 8407896 1774 811089 0 -3997199 0 0 100263
0 8407895 1774 831220 0 -3995116 0 0 100849
0 8407897 1774 851349 0 -3993022 0 0 101430
0 8407893 1774 871478 0 -3990915 0 0 102016
0 8407898 1774 891605 0 -3988797 0 0 102604
0 8407901 1774 911734 0 -3986666 0 0 103195
0 8407901 1774 931863 0 -3984524 0 0 103780
0 8407898 1774 951992 0 -3982370 0 0 104366
0 8407900 1774 972121 0 -3980205 0 0 104948
0 8407910 1774 992250 0 -3978027 0 0 105540
0 8407901 1775 12379 0 -3975838 0 0 106121
0 8407893 1775 32508 0 -3973638 0 0 106703
0 8407895 1775 52637 0 -3971425 0 0 107293
0 8407899 1775 72766 0 -3969200 0 0 107880
0 8407900 1775 92896 0 -3966964 0 0 108464
0 8407899 1775 113025 0 -3964716 0 0 109046
0 8407903 1775 133152 0 -3962455 0 0 109638
0 8407904 1775 153281 0 -3960184 0 0 110220
0 8407903 1775 173410 0 -3957900 0 0 110811
0 8407894 1775 193540 0 -3955605 0 0 111391
0 8407892 1775 213669 0 -3953298 0 0 111977
0 8407902 1775 233801 0 -3950979 0 0 112567
0 8407899 1775 253928 4 -3948648 0 0 113155
0 8407898 1775 274058 0 -3946306 0 0 113735
0 8407889 1775 294185 0 -3943952 0 0 114323
0 8407895 1775 314316 4 -3941586 0 0 114908
0 8407902 1775 334444 0 -3939208 0 0 115489
0 8407899 1775 354573 0 -3936818 0 0 116080
0 8407895 1775 374703 0 -3934417 0 0 116661
0 8407905 1775 394830 0 -3932004 0 0 117249
0 8407894 1775 414959 0 -3929579 0 0 117835
0 8407903 1775 435088 0 -3927142 0 0 118423
0 8407891 1775 455217 0 -3924694 0 0 119003
0 8407897 1775 475345 0 -3922233 0 0 119595
0 8407897 1775 495474 0 -3919761 0 0 120180
0 8407892 1775 515603 0 -3917277 0 0 120768
0 8407900 1775 535732 0 -3914782 0 0 121349
0 8407898 1775 555861 0 -3912274 0 0 121935
0 8407898 1775 575991 0 -3909754 0 0 122526
0 8407899 1775 596120 0 -3907223 0 0 123111
0 8407889 1775 616249 0 -3904680 0 0 123697
0 8407897 1775 636378 0 -3902126 0 0 124278
0 8407898 1775 656508 0 -3899559 0 0 124870
0 8407903 1775 676635 0 -3896981 0 0 125451
0 8407898 1775 696764 0 -3894391 0 0 126037
0 8407897 1775 716895 0 -3891789 0 0 126623
0 8407899 1775 737024 0 -3889175 0 0 127214
0 8407901 1775 757153 0 -3886550 0 0 127795
0 8407888 1775 777282 0 -3883913 0 0 128377
0 8407902 1775 797411 0 -3881264 0 0 128963
0 8407896 1775 817540 0 -3878602 0 0 129554
0 8407895 1775 837667 0 -3875930 0 0 130141
0 8407904 1775 857796 0 -3873245 0 0 130727
0 8407898 1775 877926 0 -3870549 0 0 131312
0 8407898 1775 898055 0 -3867841 0 0 131899
0 8407888 1775 918184 0 -3865121 0 0 132485
0 8407899 1775 938313 0 -3862390 0 0 133067
0 8407896 1775 958441 0 -3859646 0 0 133659
0 8407899 1775 978570 0 -3856891 0 0 134245
0 8407898 1775 998700 0 -3854124 0 0 134830
0 8407886 1776 18829 0 -3851346 0 0 135407
0 8407899 1776 38961 0 -3848555 0 0 135995
0 8407895 1776 59090 0 -3845752 0 0 136581
0 8407896 1776 79219 0 -3842938 0 0 137168
0 8407894 1776 99346 0 -3840112 0 0 137756
0 8407897 1776 119475 0 -3837275 0 0 138337
0 8407897 1776 139603 0 -3834425 0 0 138929
0 8407897 1776 159734 0 -3831564 0 0 139508
0 8407898 1776 179863 0 -3828691 0 0 140094
0 8407891 1776 199991 0 -3825806 0 0 140682
0 8407888 1776 220122 0 -3822909 0 0 141272
0 8407895 1776 240247 0 -3820001 0 0 141858
0 8407889 1776 260377 0 -3817080 0 0 142443
0 8407894 1776 280506 0 -3814149 0 0 143025
0 8407893 1776 300635 0 -3811205 0 0 143609
0 8407894 1776 320764 0 -3808249 0 0 144201
0 8407903 1776 340894 0 -3805282 0 0 144780
0 8407894 1776 361021 0 -3802302 0 0 145375
0 8407901 1776 381150 0 -3799311 0 0 145961
0 8407897 1776 401280 0 -3796309 0 0 146541
0 8407898 1776 421409 0 -3793294 0 0 147128
0 8407898 1776 441540 0 -3790268 0 0 147711
0 8407895 1776 461669 0 -3787230 0 0 148293
0 8407895 1776 481796 0 -3784179 0 0 148890
0 8407902 1776 501925 0 -3781117 0 0 149477
0 8407899 1776 522054 0 -3778044 0 0 150058
0 8407900 1776 542183 0 -3774959 0 0 150645
0 8407896 1776 562312 0 -3771862 0 0 151224
0 8407898 1776 582441 0 -3768753 0 0 151810
0 8407894 1776 602570 0 -3765632 0 0 152402
0 8407889 1776 622699 0 -3762500 0 0 152983
0 8407891 1776 642828 0 -3759355 0 0 153576
0 8407897 1776 662957 0 -3756199 0 0 154162
0 8407897 1776 683086 0 -3753031 0 0 154742
0 8407898 1776 703215 0 -3749851 0 0 155328
0 8407888 1776 723344 0 -3746660 0 0 155914
0 8407893 1776 743473 0 -3743457 0 0 156500
0 8407895 1776 763602 0 -3740241 0 0 157092
0 8407897 1776 783732 0 -3737014 0 0 157677
0 8407901 1776 803859 0 -3733776 0 0 158260
0 8407903 1776 823988 0 -3730525 0 0 158851
0 8407892 1776 844117 0 -3727263 0 0 159432
0 8407900 1776 864249 0 -3723989 0 0 160015
0 8407896 1776 884378 0 -3720703 0 0 160602
0 8407898 1776 904507 0 -3717406 0 0 161183
0 8407892 1776 924635 0 -3714096 0 0 161776
0 8407894 1776 944764 0 -3710775 0 0 162362
0 8407893 1776 964893 0 -3707442 0 0 162943
0 8407895 1776 985020 0 -3704097 0 0 163532
0 8407892 1777 5150 0 -3700740 0 0 164121
0 8407890 1777 25281 0 -3697373 0 0 164695
0 8407892 1777 45409 0 -3693992 0 0 165287
0 8407887 1777 65536 0 -3690600 0 0 165878
0 8407892 1777 85665 0 -3687197 0 0 166459
0 8407898 1777 105795 0 -3683781 0 0 167049
0 8407895 1777 125924 0 -3680354 0 0 167630
0 8407891 1777 146053 0 -3676914 0 0 168221
0 8407892 1777 166183 0 -3673463 0 0 168806
0 8407894 1777 186312 0 -3670001 0 0 169386
0 8407885 1777 206439 0 -3666526 0 0 169975
0 8407886 1777 226569 0 -3663040 0 0 170567
0 8407884 1777 246698 0 -3659542 0 0 171147
0 8407889 1777 266828 0 -3656032 0 0 171731
0 8407902 1777 286957 0 -3652510 0 0 172322
0 8407898 1777 307086 0 -3648977 0 0 172904
0 8407892 1777 327213 0 -3645431 0 0 173497
0 8407885 1777 347344 0 -3641875 0 0 174072
0 8407886 1777 367473 0 -3638306 0 0 174659
0 8407893 1777 387602 0 -3634725 0 0 175250
0 8407889 1777 407731 0 -3631133 0 0 175830
0 8407896 1777 427858 0 -3627529 0 0 176418
0 8407887 1777 447987 0 -3623912 0 0 177009
0 8407896 1777 468116 0 -3620284 0 0 177595
0 8407890 1777 488245 0 -3616645 0 0 178178
0 8407887 1777 508374 0 -3612994 0 0 178764
0 8407894 1777 528504 0 -3609331 0 0 179342
0 8407896 1777 548633 0 -3605655 0 0 179939
0 8407883 1777 568762 0 -3601968 0 0 180526
0 8407893 1777 588890 0 -3598270 0 0 181108
0 8407900 1777 609019 0 -3594559 0 0 181699
0 8407889 1777 629148 0 -3590837 0 0 182284
0 8407902 1777 649277 0 -3587104 0 0 182861
0 8407900 1777 669409 0 -3583358 0 0 183444
0 8407901 1777 689538 0 -3579600 0 0 184035
0 8407903 1777 709668 0 -3575831 0 0 184620
0 8407892 1777 729795 0 -3572050 0 0 185209
0 8407893 1777 749924 0 -3568257 0 0 185791
0 8407892 1777 770055 0 -3564452 0 0 186375
0 8407889 1777 790180 0 -3560636 0 0 186964
0 8407896 1777 810312 0 -3556807 0 0 187548
0 8407889 1777 830441 0 -3552968 0 0 188129
0 8407904 1777 850568 0 -3549116 0 0 188722
0 8407887 1777 870697 0 -3545252 0 0 189311
0 8407900 1777 890827 0 -3541377 0 0 189891
0 8407895 1777 910954 0 -3537489 0 0 190485
0 8407899 1777 931083 0 -3533590 0 0 191070
0 8407894 1777 951213 0 -3529680 0 0 191650
0 8407895 1777 971342 0 -3525757 0 0 192238
0 8407894 1777 991471 0 -3521823 0 0 192820
0 8407893 1778 11601 0 -3517877 0 0 193403
0 8407892 1778 31728 0 -3513919 0 0 193997
0 8407896 1778 51857 0 -3509949 0 0 194581
0 8407897 1778 71987 0 -3505967 0 0 195166
0 8407894 1778 92116 0 -3501974 0 0 195753
0 8407892 1778 112245 0 -3497969 0 0 196333
0 8407897 1778 132374 0 -3493952 0 0 196919
0 8407898 1778 152505 0 -3489923 0 0 197510
0 8407896 1778 172632 0 -3485883 0 0 198093
0 8407902 1778 192761 0 -3481830 0 0 198683
0 8407896 1778 212890 0 -3477767 0 0 199266
0 8407902 1778 233019 0 -3473690 0 0 199855
0 8407898 1778 253148 0 -3469602 0 0 200442
0 8407895 1778 273277 0 -3465503 0 0 201023
0 8407897 1778 293406 0 -3461392 0 0 201610
0 8407893 1778 313535 0 -3457268 0 0 202202
0 8407895 1778 333663 0 -3453134 0 0 202783
0 8407894 1778 353792 0 -3448987 0 0 203370
0 8407892 1778 373922 0 -3444828 0 0 203958
0 8407891 1778 394051 0 -3440657 0 0 204546
0 8407894 1778 414180 0 -3436476 0 0 205132
0 8407890 1778 434309 0 -3432282 0 0 205713
0 8407900 1778 454439 0 -3428077 0 0 206292
0 8407892 1778 474568 0 -3423859 0 0 206885
0 8407901 1778 494698 0 -3419630 0 0 207470
0 8407894 1778 514827 0 -3415389 0 0 208050
0 8407896 1778 534955 0 -3411136 0 0 208642
0 8407893 1778 555086 0 -3406871 0 0 209226
0 8407899 1778 575211 0 -3402595 0 0 209813
0 8407900 1778 595341 0 -3398307 0 0 210393
0 8407896 1778 615472 0 -3394008 0 0 210977
0 8407902 1778 635599 0 -3389696 0 0 211565
0 8407899 1778 655728 0 -3385372 0 0 212158
0 8407898 1778 675857 0 -3381037 0 0 212739
0 8407896 1778 695985 0 -3376690 0 0 213327
0 8407888 1778 716114 0 -3372330 0 0 213918
0 8407894 1778 736243 0 -3367960 0 0 214499
0 8407891 1778 756373 0 -3363578 0 0 215081
0 8407889 1778 776502 0 -3359184 0 0 215663
0 8407905 1778 796632 0 -3354777 0 0 216254
0 8407898 1778 816759 0 -3350359 0 0 216850
0 8407892 1778 836888 0 -3345930 0 0 217429
0 8407896 1778 857017 0 -3341488 0 0 218015
0 8407895 1778 877147 0 -3337035 0 0 218600
0 8407895 1778 897277 0 -3332570 0 0 219185
0 8407896 1778 917406 0 -3328093 0 0 219766
0 8407888 1778 937535 0 -3323605 0 0 220353
0 8407896 1778 957664 0 -3319104 0 0 220944
0 8407892 1778 977791 0 -3314592 0 0 221532
0 8407898 1778 997920 0 -3310067 0 0 222120
0 8407896 1779 18051 0 -3305532 0 0 222697
0 8407894 1779 38180 0 -3300984 0 0 223289
0 8407893 1779 58309 0 -3296425 0 0 223870
0 8407900 1779 78438 0 -3291854 0 0 224456
0 8407888 1779 98565 0 -3287271 0 0 225045
0 8407888 1779 118694 0 -3282676 0 0 225631
0 8407903 1779 138823 0 -3278070 0 0 226217
0 8407898 1779 158953 0 -3273451 0 0 226803
0 8407898 1779 179082 0 -3268820 0 0 227392
0 8407897 1779 199210 0 -3264178 0 0 227975
0 8407903 1779 219339 0 -3259524 0 0 228567
0 8407893 1779 239469 0 -3254860 0 0 229142
0 8407895 1779 259598 0 -3250182 0 0 229733
0 8407900 1779 279730 0 -3245493 0 0 230317
0 8407901 1779 299857 0 -3240792 0 0 230903
0 8407898 1779 319987 0 -3236079 0 0 231488
0 8407893 1779 340116 0 -3231355 0 0 232075
0 8407902 1779 360245 0 -3226619 0 0 232657
0 8407888 1779 380373 0 -3221871 0 0 233239
0 8407895 1779 400502 0 -3217111 0 0 233825
0 8407896 1779 420631 0 -3212340 0 0 234406
0 8407892 1779 440759 0 -3207556 0 0 235004
0 8407896 1779 460890 0 -3202761 0 0 235583
0 8407893 1779 481017 0 -3197954 0 0 236175
0 8407896 1779 501147 0 -3193134 0 0 236763
0 8407895 1779 521274 0 -3188305 0 0 237343
0 8407885 1779 541403 0 -3183462 0 0 237934
0 8407891 1779 561533 0 -3178608 0 0 238519
0 8407891 1779 581662 0 -3173742 0 0 239104
0 8407900 1779 601791 0 -3168864 0 0 239690
0 8407894 1779 621921 0 -3163974 0 0 240280
0 8407893 1779 642050 0 -3159073 0 0 240860
0 8407891 1779 662177 0 -3154160 0 0 241451
0 8407907 1779 682307 0 -3149235 0 0 242034
0 8407889 1779 702436 0 -3144299 0 0 242611
0 8407897 1779 722565 0 -3139350 0 0 243205
0 8407895 1779 742694 0 -3134390 0 0 243786
0 8407895 1779 762823 0 -3129418 0 0 244375
0 8407892 1779 782952 0 -3124433 0 0 244966
0 8407896 1779 803081 0 -3119438 0 0 245547
0 8407899 1779 823210 0 -3114430 0 0 246135
0 8407898 1779 843339 0 -3109412 0 0 246715
0 8407895 1779 863468 0 -3104380 0 0 247304
0 8407902 1779 883597 0 -3099337 0 0 247891
0 8407893 1779 903726 0 -3094282 0 0 248482
0 8407897 1779 923856 0 -3089216 0 0 249062
0 8407890 1779 943984 0 -3084137 0 0 249656
0 8407893 1779 964112 0 -3079047 0 0 250241
0 8407891 1779 984241 0 -3073946 0 0 250817
0 8407891 1780 4370 0 -3068831 0 0 251413
0 8407904 1780 24500 0 -3063706 0 0 251993
0 8407892 1780 44629 0 -3058569 0 0 252586
0 8407884 1780 64758 0 -3053420 0 0 253167
0 8407902 1780 84889 0 -3048260 0 0 253746
0 8407888 1780 105019 0 -3043087 0 0 254331
0 8407898 1780 125148 0 -3037902 0 0 254923
0 8407902 1780 145276 0 -3032706 0 0 255503
0 8407895 1780 165403 0 -3027498 0 0 256092
0 8407904 1780 185532 0 -3022279 0 0 256678
0 8407881 1780 205664 0 -3017048 0 0 257251
0 8407903 1780 225789 0 -3011804 0 0 257848
0 8407887 1780 245919 0 -3006548 0 0 258438
0 8407893 1780 266050 0 -3001282 0 0 259017
0 8407897 1780 286177 0 -2996003 0 0 259613
0 8407881 1780 306306 0 -2990713 0 0 260196
0 8407901 1780 326435 0 -2985411 0 0 260777
0 8407884 1780 346563 0 -2980097 0 0 261363
0 8407902 1780 366692 0 -2974771 0 0 261947
0 8407902 1780 386822 0 -2969434 0 0 262532
0 8407889 1780 406951 0 -2964084 0 0 263127
0 8407897 1780 427080 0 -2958722 0 0 263708
0 8407885 1780 447210 0 -2953349 0 0 264289
0 8407911 1780 467337 0 -2947965 0 0 264880
0 8407872 1780 487466 0 -2942568 0 0 265464
0 8407908 1780 507595 0 -2937160 0 0 266050
0 8407884 1780 527726 0 -2931740 0 0 266635
0 8407910 1780 547855 0 -2926308 0 0 267220
0 8407894 1780 567984 0 -2920863 0 0 267811
0 8407895 1780 588113 0 -2915408 0 0 268399
0 8407907 1780 608242 0 -2909940 0 0 268985
0 8407862 1780 628369 0 -2904461 0 0 269568
0 8407915 1780 648498 0 -2898970 0 0 270155
0 8407866 1780 668627 0 -2893468 0 0 270739
0 8407917 1780 688758 0 -2887953 0 0 271324
0 8407877 1780 708887 0 -2882426 0 0 271915
0 8407909 1780 729016 0 -2876888 0 0 272502
0 8407877 1780 749144 0 -2871338 0 0 273089
0 8407888 1780 769273 0 -2865777 0 0 273665
0 8407895 1780 789403 0 -2860203 0 0 274255
0 8407874 1780 809530 0 -2854617 0 0 274844
0 8407908 1780 829659 0 -2849020 0 0 275429
0 8407853 1780 849789 0 -2843411 0 0 276013
0 8407918 1780 869918 0 -2837791 0 0 276600
0 8407870 1780 890047 0 -2832158 0 0 277187
0 8407915 1780 910179 0 -2826514 0 0 277764
0 8407871 1780 930306 0 -2820858 0 0 278353
0 8407893 1780 950435 0 -2815190 0 0 278939
0 8407894 1780 970563 0 -2809511 0 0 279527
0 8407883 1780 990694 0 -2803819 0 0 280112
0 8407916 1781 10823 0 -2798117 0 0 280685
0 8407846 1781 30950 0 -2792401 0 0 281279
0 8407950 1781 51079 0 -2786674 0 0 281867
0 8407818 1781 71211 0 -2780936 0 0 282449
0 8407979 1781 91336 0 -2775186 0 0 283036
0 8407772 1781 111466 0 -2769423 0 0 283630
0 8408019 1781 131595 0 -2763650 0 0 284208
0 8407759 1781 151724 0 -2757864 0 0 284795
0 8408025 1781 171852 0 -2752066 0 0 285386
0 8407760 1781 191981 0 -2746256 0 0 285975
0 8408019 1781 212111 0 -2740436 0 0 286560
0 8407819 1781 232240 0 -2734602 0 0 287143
0 8407857 1781 252369 0 -2728758 0 0 287724
0 8407952 1781 272498 0 -2722902 0 0 288315
0 8407783 1781 292628 0 -2717033 0 0 288899
0 8408065 1781 312755 0 -2711153 0 0 289484
0 8407645 1781 332885 0 -2705261 0 0 290074
0 8408199 1781 353014 0 -2699357 0 0 290660
0 8407593 1781 373143 0 -2693442 0 0 291240
0 8408282 1781 393272 0 -2687515 0 0 291821
0 8407474 1781 413401 0 -2681576 0 0 292415
0 8408336 1781 433530 0 -2675625 0 0 292997
0 8407486 1781 453659 0 -2669662 0 0 293588
0 8408270 1781 473788 0 -2663688 0 0 294173
0 8407486 1781 493917 0 -2657700 0 0 294765
0 8408254 1781 514048 0 -2651702 0 0 295347
0 8407548 1781 534175 0 -2645692 0 0 295938
0 8408214 1781 554304 0 -2639671 0 0 296519
0 8407565 1781 574433 0 -2633638 0 0 297104
0 8408249 1781 594562 0 -2627593 0 0 297690
0 8407514 1781 614691 0 -2621535 0 0 298280
0 8408336 1781 634821 0 -2615466 0 0 298864
0 8407516 1781 654950 0 -2609386 0 0 299446
0 8408261 1781 675079 0 -2603293 0 0 300038
0 8407462 1781 695206 0 -2597189 0 0 300618
0 8408306 1781 715338 0 -2591074 0 0 301196
0 8407439 1781 735467 0 -2584946 0 0 301779
0 8408245 1781 755596 0 -2578807 0 0 302365
0 8407547 1781 775724 0 -2572655 0 0 302959
0 8408275 1781 795853 0 -2566492 0 0 303546
0 8407522 1781 815981 0 -2560317 0 0 304128
0 8408274 1781 836110 0 -2554130 0 0 304716
0 8407524 1781 856241 0 -2547932 0 0 305299
0 8408268 1781 876368 0 -2541722 0 0 305884
0 8407560 1781 896498 0 -2535500 0 0 306465
0 8408223 1781 916625 0 -2529266 0 0 307064
0 8407574 1781 936754 0 -2523021 0 0 307645
0 8408167 1781 956883 0 -2516764 0 0 308232
0 8407638 1781 977014 0 -2510494 0 0 308813
0 8408107 1781 997141 0 -2504213 0 0 309402
0 8407729 1782 17271 16 -2497923 0 0 309971
0 8408007 1782 37400 16 -2491633 0 0 310482
0 8407809 1782 57529 16 -2485342 0 0 310947
0 8407939 1782 77658 16 -2479052 0 0 311342
0 8407841 1782 97787 16 -2472762 0 0 311681
0 8407927 1782 117916 16 -2466470 0 0 311966
0 8407938 1782 138044 16 -2460180 0 0 312191
0 8407835 1782 158173 16 -2453890 0 0 312355
0 8407955 1782 178304 16 -2447600 0 0 312456
0 8407784 1782 198431 16 -2441310 0 0 312499
0 8408036 1782 218560 16 -2435020 0 0 312501
0 8407758 1782 238689 16 -2428729 0 0 312506
0 8408026 1782 258820 16 -2422439 0 0 312499
0 8407764 1782 278949 16 -2416148 0 0 312504
0 8408021 1782 299078 16 -2409857 0 0 312509
0 8407796 1782 319207 16 -2403567 0 0 312499
0 8407980 1782 339334 16 -2397278 0 0 312494
0 8407827 1782 359463 16 -2390987 0 0 312499
0 8407930 1782 379593 16 -2384697 0 0 312499
0 8407854 1782 399722 16 -2378406 0 0 312503
0 8407901 1782 419851 16 -2372115 0 0 312508
0 8407881 1782 439980 16 -2365824 0 0 312508
0 8407872 1782 460109 16 -2359535 0 0 312504
0 8407923 1782 480238 16 -2353244 0 0 312504
0 8407843 1782 500367 16 -2346954 0 0 312499
0 8407936 1782 520498 16 -2340664 0 0 312496
0 8407834 1782 540627 16 -2334374 0 0 312500
0 8407954 1782 560756 16 -2328084 0 0 312495
0 8407834 1782 580885 16 -2321793 0 0 312501
0 8407931 1782 601014 16 -2315502 0 0 312501
0 8407841 1782 621141 16 -2309212 0 0 312499
0 8407945 1782 641272 16 -2302922 0 0 312491
0 8407839 1782 661401 16 -2296633 0 0 312491
0 8407929 1782 681528 16 -2290342 0 0 312494
0 8407868 1782 701659 16 -2284051 0 0 312496
0 8407913 1782 721786 16 -2277762 0 0 312498
0 8407876 1782 741915 16 -2271469 0 0 312512
0 8407907 1782 762044 16 -2265181 0 0 312502
0 8407884 1782 782173 16 -2258890 0 0 312502
0 8407893 1782 802302 16 -2252601 0 0 312493
0 8407891 1782 822430 16 -2246310 0 0 312496
0 8407886 1782 842559 16 -2240020 0 0 312499
0 8407898 1782 862689 16 -2233730 0 0 312502
0 8407886 1782 882818 16 -2227439 0 0 312499
0 8407906 1782 902946 16 -2221148 0 0 312504
0 8407877 1782 923075 16 -2214858 0 0 312506
0 8407904 1782 943204 16 -2208568 0 0 312491
0 8407880 1782 963334 16 -2202278 0 0 312501
0 8407897 1782 983463 16 -2195988 0 0 312496
0 8407875 1783 3592 16 -2189698 0 0 312501
0 8407903 1783 23721 16 -2183407 0 0 312499
0 8407876 1783 43852 16 -2177117 0 0 312496
0 8407902 1783 63979 16 -2170826 0 0 312506
0 8407880 1783 84110 16 -2164535 0 0 312503
0 8407892 1783 104239 16 -2158245 0 0 312496
0 8407888 1783 124366 16 -2151955 0 0 312498
0 8407894 1783 144495 16 -2145665 0 0 312498
0 8407891 1783 164624 16 -2139374 0 0 312503
0 8407890 1783 184753 16 -2133084 0 0 312503
0 8407894 1783 204882 16 -2126794 0 0 312503
0 8407896 1783 225013 16 -2120502 0 0 312505
0 8407893 1783 245140 16 -2114211 0 0 312516
0 8407894 1783 265269 16 -2107922 0 0 312503
0 8407894 1783 285398 16 -2101632 0 0 312501
0 8407888 1783 305527 16 -2095342 0 0 312501
0 8407898 1783 325658 16 -2089052 0 0 312496
0 8407886 1783 345787 16 -2082761 0 0 312501
0 8407905 1783 365916 16 -2076469 0 0 312506
0 8407893 1783 386045 16 -2070180 0 0 312501
0 8407901 1783 406172 16 -2063890 0 0 312504
0 8407889 1783 426301 16 -2057600 0 0 312498
0 8407894 1783 446432 16 -2051311 0 0 312481
0 8407895 1783 466559 16 -2045020 0 0 312494
0 8407886 1783 486688 16 -2038729 0 0 312499
0 8407890 1783 506819 16 -2032440 0 0 312491
0 8407889 1783 526946 16 -2026149 0 0 312502
0 8407893 1783 547075 16 -2019858 0 0 312502
0 8407889 1783 567204 16 -2013568 0 0 312493
0 8407891 1783 587332 16 -2007278 0 0 312499
0 8407895 1783 607461 16 -2000988 0 0 312496
0 8407896 1783 627590 16 -1994698 0 0 312496
0 8407892 1783 647719 16 -1988408 0 0 312504
0 8407893 1783 667848 16 -1982117 0 0 312501
0 8407895 1783 687979 16 -1975826 0 0 312498
0 8407892 1783 708108 16 -1969536 0 0 312506
0 8407905 1783 728236 16 -1963245 0 0 312504
0 8407883 1783 748366 16 -1956956 0 0 312494
0 8407899 1783 768495 16 -1950665 0 0 312499
0 8407886 1783 788624 16 -1944375 0 0 312498
0 8407897 1783 808753 16 -1938085 0 0 312498
0 8407890 1783 828882 16 -1931795 0 0 312498
0 8407893 1783 849013 16 -1925504 0 0 312500
0 8407890 1783 869138 16 -1919213 0 0 312504
0 8407894 1783 889267 16 -1912923 0 0 312502
0 8407895 1783 909396 16 -1906634 0 0 312498
0 8407888 1783 929525 16 -1900343 0 0 312496
0 8407899 1783 949654 16 -1894052 0 0 312506
0 8407895 1783 969785 16 -1887762 0 0 312498
0 8407898 1783 989914 16 -1881471 0 0 312503
0 8407893 1784 10042 16 -1875181 0 0 312504
0 8407894 1784 30171 16 -1868889 0 0 312514
0 8407894 1784 50300 16 -1862599 0 0 312512
0 8407883 1784 70429 16 -1856309 0 0 312503
0 8407888 1784 90558 16 -1850020 0 0 312498
0 8407881 1784 110687 16 -1843729 0 0 312508
0 8407891 1784 130816 16 -1837439 0 0 312503
0 8407897 1784 150947 16 -1831148 0 0 312500
0 8407895 1784 171076 16 -1824858 0 0 312503
0 8407890 1784 191205 16 -1818568 0 0 312498
0 8407898 1784 211331 16 -1812278 0 0 312501
0 8407888 1784 231463 16 -1805988 0 0 312486
0 8407884 1784 251591 16 -1799698 0 0 312488
0 8407887 1784 271718 16 -1793407 0 0 312496
0 8407896 1784 291849 16 -1787117 0 0 312498
0 8407889 1784 311980 16 -1780827 0 0 312490
0 8407890 1784 332107 16 -1774536 0 0 312498
0 8407892 1784 352234 16 -1768245 0 0 312504
0 8407892 1784 372363 16 -1761956 0 0 312499
0 8407893 1784 392494 16 -1755666 0 0 312496
0 8407896 1784 412623 16 -1749376 0 0 312491
0 8407883 1784 432750 16 -1743085 0 0 312504
0 8407882 1784 452881 16 -1736794 0 0 312504
0 8407889 1784 473011 16 -1730504 0 0 312495
0 8407890 1784 493138 16 -1724213 0 0 312506
0 8407894 1784 513267 16 -1717923 0 0 312509
0 8407886 1784 533396 16 -1711634 0 0 312496
0 8407887 1784 553525 16 -1705343 0 0 312493
0 8407893 1784 573654 16 -1699053 0 0 312498
0 8407890 1784 593783 16 -1692763 0 0 312501
0 8407888 1784 613912 16 -1686471 0 0 312511
0 8407882 1784 634041 16 -1680181 0 0 312503
0 8407894 1784 654170 16 -1673891 0 0 312501
0 8407891 1784 674299 16 -1667601 0 0 312502
0 8407894 1784 694428 16 -1661311 0 0 312494
0 8407888 1784 714557 16 -1655021 0 0 312494
0 8407888 1784 734686 16 -1648730 0 0 312504
0 8407898 1784 754815 16 -1642440 0 0 312499
0 8407889 1784 774944 16 -1636149 0 0 312506
0 8407886 1784 795073 16 -1629859 0 0 312506
0 8407887 1784 815201 16 -1623569 0 0 312496
0 8407887 1784 835330 16 -1617279 0 0 312496
0 8407888 1784 855461 16 -1610987 0 0 312503
0 8407876 1784 875590 16 -1604697 0 0 312503
0 8407879 1784 895718 16 -1598407 0 0 312504
0 8407884 1784 915847 16 -1592117 0 0 312504
0 8407880 1784 935976 16 -1585826 0 0 312504
0 8407891 1784 956107 16 -1579536 0 0 312501
0 8407894 1784 976236 16 -1573245 0 0 312500
0 8407895 1784 996365 16 -1566956 0 0 312495
0 8407883 1785 16492 16 -1560665 0 0 312503
0 8407881 1785 36623 16 -1554375 0 0 312500
0 8407887 1785 56750 16 -1548085 0 0 312496
0 8407883 1785 76879 16 -1541795 0 0 312496
0 8407887 1785 97012 16 -1535504 0 0 312493
0 8407882 1785 117137 16 -1529214 0 0 312499
0 8407887 1785 137267 16 -1522923 0 0 312498
0 8407888 1785 157394 16 -1516634 0 0 312499
0 8407886 1785 177523 16 -1510343 0 0 312499
0 8407882 1785 197652 16 -1504054 0 0 312499
0 8407890 1785 217781 16 -1497763 0 0 312496
0 8407895 1785 237910 16 -1491471 0 0 312509
0 8407887 1785 258040 16 -1485182 0 0 312499
0 8407891 1785 278169 16 -1478892 0 0 312499
0 8407890 1785 298298 16 -1472602 0 0 312501
0 8407890 1785 318427 16 -1466311 0 0 312499
0 8407882 1785 338556 16 -1460021 0 0 312496
0 8407887 1785 358685 16 -1453731 0 0 312498
0 8407884 1785 378815 16 -1447440 0 0 312498
0 8407897 1785 398944 16 -1441150 0 0 312503
0 8407878 1785 419073 16 -1434859 0 0 312503
0 8407890 1785 439202 16 -1428569 0 0 312493
0 8407892 1785 459331 16 -1422279 0 0 312499
0 8407880 1785 479460 16 -1415989 0 0 312499
0 8407885 1785 499589 16 -1409699 0 0 312499
0 8407882 1785 519718 16 -1403408 0 0 312499
0 8407886 1785 539847 16 -1397117 0 0 312504
0 8407878 1785 559976 16 -1390827 0 0 312504
0 8407879 1785 580105 16 -1384536 0 0 312504
0 8407890 1785 600234 16 -1378246 0 0 312504
0 8407890 1785 620362 16 -1371956 0 0 312499
0 8407890 1785 640491 16 -1365666 0 0 312499
0 8407886 1785 660620 16 -1359375 0 0 312504
0 8407900 1785 680749 16 -1353084 0 0 312509
0 8407884 1785 700878 16 -1346794 0 0 312509
0 8407890 1785 721009 16 -1340504 0 0 312501
0 8407891 1785 741136 16 -1334214 0 0 312499
0 8407883 1785 761267 16 -1327923 0 0 312501
0 8407892 1785 781396 16 -1321634 0 0 312491
0 8407891 1785 801525 16 -1315343 0 0 312496
0 8407878 1785 821654 16 -1309053 0 0 312496
0 8407889 1785 841783 16 -1302763 0 0 312496
0 8407890 1785 861910 16 -1296471 0 0 312504
0 8407886 1785 882041 16 -1290182 0 0 312491
0 8407884 1785 902170 16 -1283892 0 0 312491
0 8407888 1785 922297 16 -1277601 0 0 312502
0 8407883 1785 942428 16 -1271311 0 0 312496
0 8407885 1785 962554 16 -1265022 0 0 312494
0 8407885 1785 982684 16 -1258731 0 0 312502
0 8407887 1786 2813 16 -1252441 0 0 312498
0 8407885 1786 22942 16 -1246150 0 0 312502
0 8407886 1786 43071 16 -1239860 0 0 312502
0 8407891 1786 63200 16 -1233569 0 0 312494
0 8407886 1786 83329 16 -1227280 0 0 312498
0 8407879 1786 103458 16 -1220989 0 0 312502
0 8407888 1786 123587 16 -1214699 0 0 312494
0 8407885 1786 143715 16 -1208409 0 0 312499
0 8407888 1786 163845 16 -1202118 0 0 312503
0 8407883 1786 183973 16 -1195828 0 0 312501
0 8407894 1786 204103 16 -1189537 0 0 312506
0 8407889 1786 224232 16 -1183247 0 0 312501
0 8407896 1786 244361 16 -1176957 0 0 312501
0 8407880 1786 264490 16 -1170667 0 0 312496
0 8407888 1786 284619 16 -1164377 0 0 312501
0 8407882 1786 304748 16 -1158086 0 0 312501
0 8407880 1786 324877 16 -1151796 0 0 312501
0 8407887 1786 345008 16 -1145505 0 0 312501
0 8407884 1786 365137 16 -1139214 0 0 312503
0 8407891 1786 385266 16 -1132925 0 0 312496
0 8407878 1786 405394 16 -1126634 0 0 312496
0 8407887 1786 425522 16 -1120344 0 0 312498
0 8407893 1786 445651 16 -1114053 0 0 312503
0 8407882 1786 465781 16 -1107762 0 0 312506
0 8407886 1786 485908 16 -1101470 0 0 312519
0 8407883 1786 506038 16 -1095181 0 0 312508
0 8407885 1786 526167 16 -1088892 0 0 312503
0 8407898 1786 546296 16 -1082601 0 0 312506
0 8407893 1786 566428 16 -1076311 0 0 312496
0 8407886 1786 586557 16 -1070021 0 0 312501
0 8407889 1786 606686 16 -1063731 0 0 312496
0 8407882 1786 626815 16 -1057440 0 0 312500
0 8407889 1786 646942 16 -1051149 0 0 312503
0 8407886 1786 667071 16 -1044859 0 0 312499
0 8407886 1786 687202 16 -1038569 0 0 312483
0 8407881 1786 707329 16 -1032280 0 0 312488
0 8407886 1786 727458 16 -1025989 0 0 312498
0 8407881 1786 747589 16 -1019699 0 0 312490
0 8407884 1786 767716 16 -1013409 0 0 312498
0 8407883 1786 787845 16 -1007118 0 0 312502
0 8407882 1786 807973 16 -1000828 0 0 312504
0 8407885 1786 828102 16 -994537 0 0 312504
0 8407889 1786 848231 16 -988247 0 0 312496
0 8407889 1786 868360 16 -981957 0 0 312496
0 8407893 1786 888489 16 -975667 0 0 312499
0 8407885 1786 908618 16 -969377 0 0 312501
0 8407888 1786 928747 16 -963086 0 0 312501
0 8407890 1786 948876 16 -956796 0 0 312504
0 8407891 1786 969006 16 -950505 0 0 312504
0 8407884 1786 989133 16 -944215 0 0 312502
0 8407887 1787 9262 16 -937925 0 0 312501
0 8407890 1787 29391 16 -931635 0 0 312496
0 8407889 1787 49520 16 -925345 0 0 312496
0 8407889 1787 69649 16 -919054 0 0 312501
0 8407886 1787 89778 16 -912764 0 0 312501
0 8407886 1787 109909 16 -906472 0 0 312508
0 8407887 1787 130038 16 -900183 0 0 312499
0 8407881 1787 150167 16 -893892 0 0 312504
0 8407888 1787 170296 16 -887603 0 0 312496
0 8407886 1787 190425 16 -881312 0 0 312498
0 8407883 1787 210554 16 -875021 0 0 312503
0 8407895 1787 230682 16 -868731 0 0 312503
0 8407892 1787 250811 16 -862442 0 0 312498
0 8407887 1787 270940 16 -856149 0 0 312508
0 8407889 1787 291069 16 -849859 0 0 312508
0 8407897 1787 311198 16 -843568 0 0 312506
0 8407886 1787 331327 16 -837280 0 0 312499
0 8407887 1787 351455 16 -830989 0 0 312501
0 8407885 1787 371584 16 -824699 0 0 312506
0 8407887 1787 391715 16 -818409 0 0 312498
0 8407889 1787 411846 16 -812119 0 0 312490
0 8407890 1787 431973 16 -805828 0 0 312498
0 8407889 1787 452102 16 -799537 0 0 312508
0 8407892 1787 472231 16 -793247 0 0 312493
0 8407881 1787 492362 16 -786957 0 0 312490
0 8407881 1787 512489 16 -780667 0 0 312488
0 8407888 1787 532618 16 -774376 0 0 312503
0 8407885 1787 552749 16 -768086 0 0 312493
0 8407881 1787 572876 16 -761796 0 0 312496
0 8407893 1787 593006 16 -755505 0 0 312503
0 8407888 1787 613133 16 -749215 0 0 312509
0 8407879 1787 633262 16 -742925 0 0 312501
0 8407881 1787 653391 16 -736635 0 0 312496
0 8407887 1787 673520 16 -730345 0 0 312496
0 8407885 1787 693649 16 -724054 0 0 312504
0 8407890 1787 713778 16 -717764 0 0 312501
0 8407887 1787 733907 16 -711472 0 0 312506
0 8407887 1787 754038 16 -705183 0 0 312501
0 8407897 1787 774165 16 -698893 0 0 312501
0 8407889 1787 794294 16 -692602 0 0 312502
0 8407893 1787 814423 16 -686313 0 0 312494
0 8407889 1787 834552 16 -680022 0 0 312499
0 8407881 1787 854681 16 -673732 0 0 312499
0 8407889 1787 874810 16 -667442 0 0 312501
0 8407892 1787 894939 16 -661151 0 0 312501
0 8407893 1787 915068 16 -654861 0 0 312501
0 8407893 1787 935197 16 -648570 0 0 312496
0 8407886 1787 955326 16 -642281 0 0 312499
0 8407886 1787 975457 16 -635990 0 0 312498
0 8407888 1787 995586 16 -629700 0 0 312493
0 8407886 1788 15715 16 -623409 0 0 312503
0 8407888 1788 35843 16 -617119 0 0 312498
0 8407890 1788 55971 16 -610828 0 0 312504
0 8407887 1788 76100 16 -604536 0 0 312513
0 8407886 1788 96229 16 -598246 0 0 312508
0 8407890 1788 116358 16 -591956 0 0 312508
0 8407883 1788 136487 16 -585667 0 0 312498
0 8407894 1788 156616 16 -579377 0 0 312503
0 8407885 1788 176745 16 -573086 0 0 312506
0 8407887 1788 196876 16 -566796 0 0 312503
0 8407883 1788 217007 16 -560505 0 0 312500
0 8407890 1788 237134 16 -554215 0 0 312503
0 8407890 1788 257262 16 -547925 0 0 312498
0 8407885 1788 277391 16 -541635 0 0 312488
0 8407890 1788 297518 16 -535345 0 0 312491
0 8407885 1788 317647 16 -529054 0 0 312496
0 8407885 1788 337778 16 -522765 0 0 312493
0 8407884 1788 357905 16 -516475 0 0 312496
0 8407887 1788 378036 16 -510183 0 0 312498
0 8407884 1788 398165 16 -503893 0 0 312501
0 8407888 1788 418292 16 -497603 0 0 312502
0 8407893 1788 438423 16 -491312 0 0 312501
0 8407892 1788 458551 16 -485023 0 0 312496
0 8407885 1788 478680 16 -478732 0 0 312501
0 8407890 1788 498809 16 -472442 0 0 312498
0 8407892 1788 518938 16 -466151 0 0 312498
0 8407887 1788 539067 16 -459861 0 0 312506
0 8407889 1788 559196 16 -453571 0 0 312503
0 8407894 1788 579325 16 -447281 0 0 312496
0 8407887 1788 599454 16 -440990 0 0 312501
0 8407888 1788 619584 16 -434700 0 0 312498
0 8407892 1788 639713 16 -428410 0 0 312496
0 8407894 1788 659842 16 -422119 0 0 312504
0 8407883 1788 679971 16 -415829 0 0 312499
0 8407888 1788 700100 16 -409538 0 0 312504
0 8407891 1788 720229 16 -403248 0 0 312499
0 8407887 1788 740356 16 -396958 0 0 312501
0 8407885 1788 760485 16 -390668 0 0 312501
0 8407897 1788 780614 16 -384377 0 0 312506
0 8407886 1788 800743 16 -378087 0 0 312501
0 8407890 1788 820872 16 -371797 0 0 312501
0 8407887 1788 841003 16 -365506 0 0 312503
0 8407893 1788 861130 16 -359216 0 0 312501
0 8407893 1788 881259 16 -352925 0 0 312506
0 8407890 1788 901388 16 -346634 0 0 312506
0 8407888 1788 921517 16 -340344 0 0 312506
0 8407894 1788 941646 16 -334054 0 0 312504
0 8407888 1788 961775 16 -327764 0 0 312504
0 8407889 1788 981904 16 -321472 0 0 312509
0 8407893 1789 2036 16 -315183 0 0 312500
0 8407898 1789 22164 16 -308893 0 0 312501
0 8407892 1789 42293 16 -302603 0 0 312499
0 8407881 1789 62422 16 -296313 0 0 312496
0 8407889 1789 82551 16 -290023 0 0 312491
0 8407894 1789 102678 16 -283732 0 0 312494
0 8407892 1789 122809 16 -277442 0 0 312491
0 8407890 1789 142938 16 -271152 0 0 312491
0 8407892 1789 163065 16 -264861 0 0 312499
0 8407894 1789 183196 16 -258570 0 0 312491
0 8407889 1789 203324 16 -252281 0 0 312498
0 8407884 1789 223452 16 -245990 0 0 312502
0 8407896 1789 243581 16 -239701 0 0 312498
0 8407887 1789 263710 16 -233410 0 0 312502
0 8407893 1789 283840 16 -227120 0 0 312501
0 8407890 1789 303969 16 -220829 0 0 312498
0 8407893 1789 324097 16 -214539 0 0 312502
0 8407890 1789 344226 16 -208248 0 0 312507
0 8407893 1789 364355 16 -201959 0 0 312494
0 8407884 1789 384484 16 -195668 0 0 312498
0 8407888 1789 404613 16 -189378 0 0 312501
0 8407885 1789 424742 16 -183088 0 0 312494
0 8407892 1789 444872 16 -176798 0 0 312499
0 8407888 1789 465003 16 -170507 0 0 312496
0 8407887 1789 485130 16 -164216 0 0 312506
0 8407883 1789 505259 16 -157926 0 0 312501
0 8407893 1789 525388 16 -151636 0 0 312499
0 8407885 1789 545517 16 -145346 0 0 312494
0 8407885 1789 565646 16 -139056 0 0 312498
0 8407896 1789 585775 16 -132765 0 0 312498
0 8407892 1789 605904 16 -126474 0 0 312503
0 8407894 1789 626033 16 -120183 0 0 312508
0 8407881 1789 646162 16 -113894 0 0 312503
0 8407892 1789 666291 16 -107604 0 0 312501
0 8407893 1789 686420 16 -101313 0 0 312498
0 8407885 1789 706549 16 -95022 0 0 312503
0 8407890 1789 726678 16 -88731 0 0 312508
0 8407891 1789 746807 16 -82441 0 0 312508
0 8407895 1789 766936 16 -76151 0 0 312509
0 8407890 1789 787065 16 -69861 0 0 312504
0 8407886 1789 807197 16 -63570 0 0 312500
0 8407889 1789 827326 16 -57281 0 0 312490
0 8407882 1789 847455 16 -50990 0 0 312500
0 8407888 1789 867584 16 -44700 0 0 312500
0 8407890 1789 887711 16 -38410 0 0 312498
0 8407892 1789 907840 16 -32119 0 0 312498
0 8407892 1789 927971 16 -25829 0 0 312490
0 8407894 1789 948097 16 -19539 0 0 312494
0 8407889 1789 968227 16 -13248 0 0 312498
0 8407893 1789 988358 16 -6959 0 0 312490
0 8407889 1790 8485 16 -668 0 0 312498
0 8407895 1790 28614 16 5623 0 0 312507
0 8407894 1790 48742 16 11912 0 0 312499
0 8407903 1790 68872 16 18200 0 0 312488
0 8407895 1790 89001 16 24491 0 0 312489
0 8407888 1790 109129 16 30782 0 0 312491
0 8407897 1790 129257 16 37072 0 0 312496
0 8407892 1790 149387 16 43362 0 0 312489
0 8407885 1790 169515 16 49652 0 0 312488
0 8407891 1790 189645 16 55942 0 0 312494
0 8407887 1790 209773 16 62232 0 0 312488
0 8407887 1790 229903 16 68522 0 0 312481
0 8407886 1790 250031 16 74813 0 0 312491
0 8407886 1790 270162 16 81105 0 0 312511
0 8407890 1790 290291 16 87394 0 0 312499
0 8407893 1790 310418 16 93684 0 0 312496
0 8407889 1790 330549 16 99975 0 0 312498
0 8407890 1790 350678 16 106265 0 0 312498
0 8407885 1790 370805 16 112555 0 0 312499
0 8407890 1790 390936 16 118846 0 0 312504
0 8407899 1790 411065 16 125136 0 0 312503
0 8407897 1790 431192 16 131427 0 0 312511
0 8407885 1790 451323 16 137717 0 0 312503
0 8407887 1790 471452 16 144006 0 0 312488
0 8407889 1790 491579 16 150297 0 0 312502
0 8407892 1790 511709 16 156587 0 0 312498
0 8407899 1790 531839 16 162878 0 0 312498
0 8407893 1790 551967 16 169170 0 0 312511
0 8407891 1790 572096 16 175461 0 0 312513
0 8407888 1790 592226 16 181750 0 0 312503
0 8407891 1790 612353 16 188040 0 0 312506
0 8407898 1790 632485 16 194330 0 0 312495
0 8407897 1790 652614 16 200620 0 0 312496
0 8407891 1790 672743 16 206911 0 0 312508
0 8407889 1790 692871 16 213201 0 0 312501
0 8407896 1790 713002 16 219492 0 0 312505
0 8407898 1790 733130 16 225782 0 0 312503
0 8407895 1790 753256 16 232072 0 0 312496
0 8407890 1790 773388 16 238362 0 0 312486
0 8407885 1790 793518 16 244652 0 0 312491
0 8407881 1790 813643 16 250943 0 0 312499
0 8407889 1790 833774 16 257233 0 0 312501
0 8407896 1790 853901 16 263522 0 0 312499
0 8407892 1790 874031 16 269814 0 0 312502
0 8407889 1790 894160 16 276104 0 0 312501
0 8407878 1790 914288 16 282394 0 0 312501
0 8407883 1790 934418 16 288684 0 0 312498
0 8407888 1790 954546 16 294974 0 0 312494
0 8407892 1790 974676 16 301265 0 0 312502
0 8407888 1790 994805 16 307555 0 0 312504
0 8407889 1791 14935 16 313846 0 0 312496
0 8407889 1791 35062 16 320136 0 0 312502
0 8407888 1791 55192 16 326427 0 0 312508
0 8407891 1791 75323 16 332716 0 0 312493
0 8407892 1791 95450 16 339007 0 0 312501
0 8407888 1791 115579 16 345297 0 0 312498
0 8407895 1791 135708 16 351587 0 0 312501
0 8407885 1791 155837 16 357878 0 0 312503
0 8407897 1791 175966 16 364168 0 0 312499
0 8407889 1791 196095 16 370459 0 0 312506
0 8407880 1791 216224 16 376750 0 0 312506
0 8407895 1791 236353 16 383039 0 0 312499
0 8407891 1791 256482 16 389330 0 0 312501
0 8407886 1791 276611 16 395620 0 0 312506
0 8407896 1791 296741 16 401910 0 0 312496
0 8407887 1791 316868 16 408200 0 0 312501
0 8407897 1791 336998 16 414491 0 0 312503
0 8407883 1791 357127 16 420783 0 0 312509
0 8407898 1791 377255 16 427073 0 0 312511
0 8407882 1791 397385 16 433363 0 0 312503
0 8407891 1791 417513 16 439652 0 0 312496
0 8407892 1791 437645 16 445943 0 0 312500
0 8407892 1791 457775 16 452233 0 0 312493
0 8407893 1791 477902 16 458523 0 0 312498
0 8407890 1791 498030 16 464814 0 0 312506
0 8407891 1791 518162 16 471104 0 0 312498
0 8407890 1791 538287 16 477394 0 0 312501
0 8407888 1791 558417 16 483685 0 0 312494
0 8407882 1791 578548 16 489974 0 0 312485
0 8407885 1791 598674 16 496264 0 0 312491
0 8407883 1791 618804 16 502555 0 0 312498
0 8407892 1791 638934 16 508845 0 0 312496
0 8407893 1791 659061 16 515136 0 0 312506
0 8407902 1791 679191 16 521427 0 0 312506
0 8407886 1791 699319 16 527716 0 0 312496
0 8407895 1791 719449 16 534006 0 0 312499
0 8407878 1791 739578 16 540296 0 0 312493
0 8407884 1791 759706 16 546587 0 0 312496
0 8407892 1791 779836 16 552877 0 0 312502
0 8407887 1791 799966 16 559168 0 0 312501
0 8407887 1791 820094 16 565458 0 0 312499
0 8407889 1791 840223 16 571749 0 0 312506
0 8407890 1791 860351 16 578038 0 0 312494
0 8407884 1791 880482 16 584329 0 0 312494
0 8407887 1791 900609 16 590619 0 0 312499
0 8407890 1791 920740 16 596909 0 0 312499
0 8407887 1791 940869 16 603199 0 0 312499
0 8407887 1791 960996 16 609491 0 0 312504
0 8407892 1791 981127 16 615781 0 0 312504
0 8407888 1792 1256 16 622071 0 0 312501
0 8407888 1792 21383 16 628361 0 0 312501
0 8407886 1792 41514 16 634652 0 0 312499
0 8407886 1792 61643 16 640942 0 0 312503
0 8407876 1792 81770 16 647232 0 0 312501
0 8407877 1792 101900 16 653523 0 0 312503
0 8407891 1792 122030 16 659813 0 0 312503
0 8407894 1792 142157 16 666104 0 0 312511
0 8407887 1792 162287 16 672395 0 0 312503
0 8407891 1792 182415 16 678685 0 0 312506
0 8407894 1792 202545 16 684975 0 0 312504
0 8407894 1792 222675 16 691265 0 0 312501
0 8407886 1792 242805 16 697555 0 0 312496
0 8407891 1792 262934 16 703846 0 0 312501
0 8407885 1792 283064 16 710136 0 0 312498
0 8407883 1792 303192 16 716427 0 0 312501
0 8407890 1792 323322 16 722717 0 0 312501
0 8407887 1792 343447 16 729007 0 0 312499
0 8407888 1792 363577 16 735297 0 0 312494
0 8407885 1792 383709 16 741587 0 0 312488
0 8407879 1792 403835 16 747877 0 0 312494
0 8407885 1792 423967 16 754169 0 0 312501
0 8407884 1792 444092 16 760458 0 0 312504
0 8407885 1792 464222 16 766749 0 0 312502
0 8407888 1792 484350 16 773038 0 0 312501
0 8407888 1792 504480 16 779329 0 0 312498
0 8407890 1792 524610 16 785619 0 0 312498
0 8407887 1792 544737 16 791909 0 0 312494
0 8407891 1792 564867 16 798200 0 0 312499
0 8407891 1792 584995 16 804490 0 0 312506
0 8407893 1792 605125 16 810781 0 0 312504
0 8407881 1792 625254 16 817071 0 0 312499
0 8407889 1792 645382 16 823361 0 0 312499
0 8407886 1792 665512 16 829651 0 0 312494
0 8407885 1792 685643 16 835941 0 0 312496
0 8407880 1792 705770 16 842232 0 0 312499
0 8407881 1792 725899 16 848522 0 0 312501
0 8407884 1792 746028 16 854813 0 0 312504
0 8407892 1792 766157 16 861103 0 0 312499
0 8407887 1792 786286 16 867393 0 0 312499
0 8407893 1792 806415 16 873683 0 0 312494
0 8407887 1792 826544 16 879973 0 0 312494
0 8407886 1792 846673 16 886264 0 0 312499
0 8407889 1792 866802 16 892554 0 0 312499
0 8407892 1792 886931 16 898845 0 0 312507
0 8407882 1792 907060 16 905136 0 0 312504
0 8407879 1792 927190 16 911426 0 0 312503
0 8407882 1792 947317 16 917715 0 0 312494
0 8407887 1792 967447 16 924007 0 0 312504
0 8407890 1792 987575 16 930297 0 0 312504
0 8407887 1793 7705 16 936588 0 0 312509
0 8407882 1793 27835 16 942877 0 0 312503
0 8407884 1793 47962 16 949168 0 0 312504
0 8407884 1793 68095 16 955459 0 0 312505
0 8407885 1793 88222 16 961749 0 0 312501
0 8407880 1793 108352 16 968039 0 0 312496
0 8407882 1793 128478 16 974329 0 0 312502
0 8407885 1793 148608 16 980619 0 0 312503
0 8407883 1793 168740 16 986909 0 0 312490
0 8407880 1793 188866 16 993199 0 0 312493
0 8407875 1793 208995 16 999491 0 0 312499
0 8407881 1793 229127 16 1005780 0 0 312496
0 8407884 1793 249252 16 1012071 0 0 312499
0 8407887 1793 269382 16 1018361 0 0 312499
0 8407886 1793 289510 16 1024651 0 0 312498
0 8407873 1793 309640 16 1030941 0 0 312498
0 8407876 1793 329768 16 1037231 0 0 312494
0 8407888 1793 349898 16 1043521 0 0 312494
0 8407876 1793 370027 16 1049812 0 0 312504
0 8407875 1793 390157 16 1056103 0 0 312503
0 8407881 1793 410284 16 1062393 0 0 312496
0 8407884 1793 430413 16 1068684 0 0 312511
0 8407885 1793 450543 16 1074973 0 0 312493
0 8407880 1793 470673 16 1081264 0 0 312498
0 8407887 1793 490800 16 1087554 0 0 312499
0 8407882 1793 510929 16 1093845 0 0 312506
0 8407887 1793 531058 16 1100135 0 0 312504
0 8407876 1793 551189 16 1106426 0 0 312509
0 8407883 1793 571318 16 1112715 0 0 312498
0 8407881 1793 591445 16 1119006 0 0 312502
0 8407884 1793 611574 16 1125296 0 0 312499
0 8407883 1793 631705 16 1131586 0 0 312493
0 8407881 1793 651834 16 1137877 0 0 312504
0 8407884 1793 671963 16 1144168 0 0 312504
0 8407884 1793 692090 16 1150459 0 0 312509
0 8407881 1793 712219 16 1156748 0 0 312499
0 8407881 1793 732349 16 1163038 0 0 312498
0 8407882 1793 752479 16 1169328 0 0 312493
0 8407880 1793 772606 16 1175620 0 0 312512
0 8407885 1793 792736 16 1181911 0 0 312508
0 8407891 1793 812865 16 1188201 0 0 312508
0 8407879 1793 832994 16 1194491 0 0 312509
0 8407882 1793 853122 16 1200781 0 0 312506
0 8407887 1793 873254 16 1207072 0 0 312503
0 8407875 1793 893383 16 1213361 0 0 312490
0 8407874 1793 913512 16 1219651 0 0 312495
0 8407881 1793 933640 16 1225942 0 0 312503
0 8407879 1793 953769 16 1232232 0 0 312504
0 8407886 1793 973899 16 1238522 0 0 312490
0 8407880 1793 994026 16 1244813 0 0 312494
0 8407890 1794 14156 16 1251104 0 0 312498
0 8407886 1794 34285 16 1257393 0 0 312493
0 8407881 1794 54413 16 1263683 0 0 312493
0 8407877 1794 74543 16 1269974 0 0 312496
0 8407880 1794 94670 16 1276264 0 0 312504
0 8407879 1794 114799 16 1282554 0 0 312504
0 8407875 1794 134929 16 1288845 0 0 312501
0 8407883 1794 155058 16 1295135 0 0 312501
0 8407882 1794 175188 16 1301426 0 0 312506
0 8407884 1794 195315 16 1307715 0 0 312496
0 8407879 1794 215444 16 1314006 0 0 312498
0 8407883 1794 235574 16 1320296 0 0 312501
0 8407883 1794 255703 16 1326586 0 0 312499
0 8407881 1794 275831 16 1332877 0 0 312502
0 8407885 1794 295960 16 1339168 0 0 312504
0 8407879 1794 316090 16 1345457 0 0 312499
0 8407890 1794 336219 16 1351748 0 0 312499
0 8407877 1794 356348 16 1358038 0 0 312499
0 8407879 1794 376479 16 1364328 0 0 312494
0 8407883 1794 396606 16 1370619 0 0 312504
0 8407891 1794 416735 16 1376909 0 0 312498
0 8407888 1794 436864 16 1383199 0 0 312499
0 8407873 1794 456995 16 1389491 0 0 312508
0 8407880 1794 477124 16 1395781 0 0 312501
0 8407881 1794 497251 16 1402070 0 0 312494
0 8407883 1794 517380 16 1408361 0 0 312504
0 8407875 1794 537509 16 1414650 0 0 312494
0 8407880 1794 557638 16 1420941 0 0 312499
0 8407874 1794 577768 16 1427232 0 0 312504
0 8407867 1794 597895 16 1433523 0 0 312504
0 8407883 1794 618024 16 1439814 0 0 312511
0 8407880 1794 638154 16 1446103 0 0 312504
0 8407877 1794 658283 16 1452393 0 0 312496
0 8407878 1794 678415 16 1458683 0 0 312491
0 8407884 1794 698542 16 1464974 0 0 312501
0 8407878 1794 718672 16 1471264 0 0 312495
0 8407887 1794 738799 16 1477554 0 0 312504
0 8407880 1794 758931 16 1483845 0 0 312500
0 8407879 1794 779058 16 1490135 0 0 312499
0 8407881 1794 799185 16 1496426 0 0 312499
0 8407881 1794 819317 16 1502715 0 0 312485
0 8407877 1794 839445 16 1509005 0 0 312493
0 8407881 1794 859574 16 1515296 0 0 312498
0 8407875 1794 879701 16 1521586 0 0 312506
0 8407876 1794 899831 16 1527876 0 0 312496
0 8407877 1794 919960 16 1534167 0 0 312502
0 8407881 1794 940089 16 1540457 0 0 312499
0 8407875 1794 960217 16 1546748 0 0 312506
0 8407877 1794 980346 16 1553038 0 0 312502
0 8407880 1795 476 16 1559327 0 0 312488
0 8407876 1795 20606 16 1565618 0 0 312501
0 8407883 1795 40733 16 1571908 0 0 312502
0 8407881 1795 60863 16 1578199 0 0 312501
0 8407875 1795 80992 16 1584489 0 0 312498
0 8407873 1795 101122 16 1590780 0 0 312504
0 8407882 1795 121251 16 1597070 0 0 312498
0 8407882 1795 141378 16 1603360 0 0 312501
0 8407874 1795 161509 16 1609651 0 0 312498
0 8407882 1795 181638 16 1615940 0 0 312493
0 8407871 1795 201767 16 1622231 0 0 312504
0 8407871 1795 221894 16 1628521 0 0 312502
0 8407884 1795 242023 16 1634812 0 0 312504
0 8407886 1795 262154 16 1641102 0 0 312499
0 8407879 1795 282283 16 1647393 0 0 312504
0 8407886 1795 302412 16 1653683 0 0 312498
0 8407873 1795 322539 16 1659973 0 0 312502
0 8407881 1795 342668 16 1666263 0 0 312499
0 8407875 1795 362797 16 1672553 0 0 312496
0 8407881 1795 382927 16 1678844 0 0 312504
0 8407880 1795 403056 16 1685136 0 0 312509
0 8407875 1795 423185 16 1691426 0 0 312508
0 8407883 1795 443313 16 1697716 0 0 312504
0 8407876 1795 463442 16 1704006 0 0 312506
0 8407878 1795 483574 16 1710296 0 0 312496
0 8407888 1795 503703 16 1716586 0 0 312498
0 8407886 1795 523833 16 1722877 0 0 312498
0 8407875 1795 543960 16 1729167 0 0 312501
0 8407886 1795 564089 16 1735458 0 0 312506
0 8407871 1795 584217 16 1741748 0 0 312504
0 8407879 1795 604348 16 1748038 0 0 312491
0 8407878 1795 624478 16 1754327 0 0 312485
0 8407875 1795 644603 16 1760619 0 0 312499
0 8407891 1795 664735 16 1766909 0 0 312495
0 8407875 1795 684862 16 1773198 0 0 312498
0 8407889 1795 704990 16 1779490 0 0 312509
0 8407875 1795 725119 16 1785780 0 0 312506
0 8407873 1795 745248 16 1792070 0 0 312502
0 8407876 1795 765378 16 1798359 0 0 312491
0 8407884 1795 785507 16 1804650 0 0 312494
0 8407893 1795 805636 16 1810940 0 0 312498
0 8407873 1795 825764 16 1817231 0 0 312511
0 8407879 1795 845893 16 1823521 0 0 312494
0 8407876 1795 866022 16 1829811 0 0 312499
0 8407885 1795 886152 16 1836102 0 0 312504
0 8407890 1795 906283 16 1842392 0 0 312491
0 8407888 1795 926409 16 1848682 0 0 312494
0 8407880 1795 946539 16 1854973 0 0 312498
0 8407887 1795 966668 16 1861263 0 0 312504
0 8407892 1795 986797 16 1867553 0 0 312501
0 8407887 1796 6926 16 1873844 0 0 312506
0 8407879 1796 27055 16 1880134 0 0 312498
0 8407891 1796 47184 16 1886424 0 0 312498
0 8407882 1796 67313 16 1892714 0 0 312498
0 8407881 1796 87442 16 1899005 0 0 312501
0 8407885 1796 107571 16 1905296 0 0 312506
0 8407884 1796 127700 16 1911586 0 0 312503
0 8407875 1796 147829 16 1917876 0 0 312499
0 8407884 1796 167957 16 1924166 0 0 312501
0 8407881 1796 188086 16 1930457 0 0 312504
0 8407881 1796 208216 16 1936748 0 0 312503
0 8407884 1796 228345 16 1943038 0 0 312504
0 8407882 1796 248475 16 1949329 0 0 312508
0 8407883 1796 268602 16 1955618 0 0 312506
0 8407879 1796 288734 16 1961909 0 0 312500
0 8407877 1796 308864 16 1968199 0 0 312495
0 8407878 1796 328993 16 1974490 0 0 312500
0 8407880 1796 349122 16 1980780 0 0 312500
0 8407876 1796 369247 16 1987070 0 0 312504
0 8407892 1796 389377 16 1993360 0 0 312498
0 8407883 1796 409508 16 1999650 0 0 312491
0 8407882 1796 429636 0 2005939 0 0 312488
0 8407880 1796 449763 0 2012220 0 0 312443
0 8407877 1796 469895 0 2018486 0 0 312321
0 8407869 1796 490021 0 2024743 0 0 312161
0 8407886 1796 510151 0 2030988 0 0 311938
0 8407880 1796 530281 0 2037220 0 0 311643
0 8407876 1796 550408 0 2043441 0 0 311303
0 8407883 1796 570538 0 2049650 0 0 310893
0 8407877 1796 590666 0 2055847 0 0 310434
0 8407886 1796 610796 0 2062033 0 0 309919
0 8407877 1796 630924 0 2068207 0 0 309348
0 8407882 1796 651053 0 2074369 0 0 308754
0 8407882 1796 671184 0 2080518 0 0 308174
0 8407878 1796 691311 0 2086657 0 0 307586
0 8407884 1796 711441 0 2092783 0 0 306995
0 8407879 1796 731569 0 2098898 0 0 306417
0 8407886 1796 751700 0 2105001 0 0 305826
0 8407883 1796 771829 0 2111092 0 0 305241
0 8407882 1796 791956 0 2117172 0 0 304660
0 8407883 1796 812087 0 2123240 0 0 304074
0 8407878 1796 832216 0 2129295 0 0 303481
0 8407880 1796 852343 0 2135339 0 0 302896
0 8407876 1796 872474 0 2141371 0 0 302317
0 8407881 1796 892601 0 2147391 0 0 301724
0 8407877 1796 912732 0 2153401 0 0 301148
0 8407880 1796 932861 0 2159397 0 0 300553
0 8407885 1796 952988 0 2165383 0 0 299977
0 8407878 1796 973118 0 2171356 0 0 299389
0 8407881 1796 993246 0 2177317 0 0 298798
0 8407870 1797 13376 0 2183266 0 0 298207
0 8407871 1797 33505 0 2189205 0 0 297630
0 8407881 1797 53633 0 2195131 0 0 297044
0 8407873 1797 73763 0 2201045 0 0 296458
0 8407871 1797 93891 0 2206947 0 0 295872
0 8407880 1797 114023 0 2212839 0 0 295283
0 8407874 1797 134153 0 2218717 0 0 294696
0 8407879 1797 154281 0 2224584 0 0 294104
0 8407880 1797 174409 0 2230440 0 0 293525
0 8407883 1797 194538 0 2236283 0 0 292938
0 8407869 1797 214668 0 2242114 0 0 292351
0 8407877 1797 234794 0 2247934 0 0 291765
0 8407876 1797 254926 0 2253743 0 0 291178
0 8407877 1797 275056 0 2259539 0 0 290591
0 8407879 1797 295181 0 2265324 0 0 290014
0 8407893 1797 315311 0 2271096 0 0 289421
0 8407876 1797 335439 0 2276857 0 0 288843
0 8407881 1797 355569 0 2282606 0 0 288254
0 8407883 1797 375698 0 2288343 0 0 287661
0 8407876 1797 395826 0 2294069 0 0 287081
0 8407870 1797 415956 0 2299783 0 0 286500
0 8407878 1797 436085 0 2305485 0 0 285909
0 8407876 1797 456213 0 2311175 0 0 285324
0 8407878 1797 476343 0 2316853 0 0 284738
0 8407876 1797 496472 0 2322520 0 0 284146
0 8407872 1797 516600 0 2328175 0 0 283567
0 8407880 1797 536730 0 2333818 0 0 282978
0 8407869 1797 556861 0 2339449 0 0 282392
0 8407887 1797 576988 0 2345069 0 0 281814
0 8407881 1797 597117 0 2350677 0 0 281225
0 8407882 1797 617248 0 2356273 0 0 280638
0 8407867 1797 637375 0 2361856 0 0 280049
0 8407877 1797 657504 0 2367429 0 0 279466
0 8407868 1797 677633 0 2372989 0 0 278883
0 8407875 1797 697762 0 2378538 0 0 278295
0 8407875 1797 717891 0 2384075 0 0 277707
0 8407880 1797 738020 0 2389601 0 0 277129
0 8407880 1797 758149 0 2395114 0 0 276543
0 8407878 1797 778278 0 2400615 0 0 275949
0 8407876 1797 798406 0 2406105 0 0 275365
0 8407880 1797 818536 0 2411583 0 0 274779
0 8407879 1797 838666 0 2417050 0 0 274200
0 8407870 1797 858794 0 2422504 0 0 273610
0 8407877 1797 878923 0 2427947 0 0 273028
0 8407883 1797 899053 0 2433378 0 0 272441
0 8407878 1797 919183 0 2438797 0 0 271854
0 8407873 1797 939313 0 2444204 0 0 271260
0 8407880 1797 959440 0 2449599 0 0 270678
0 8407878 1797 979568 0 2454983 0 0 270098
0 8407875 1797 999700 0 2460354 0 0 269501
0 8407870 1798 19826 0 2465714 0 0 268920
0 8407876 1798 39956 0 2471063 0 0 268334
0 8407881 1798 60085 0 2476399 0 0 267747
0 8407880 1798 80213 0 2481724 0 0 267162
0 8407875 1798 100343 0 2487036 0 0 266571
0 8407873 1798 120471 0 2492337 0 0 265987
0 8407878 1798 140601 0 2497627 0 0 265406
0 8407876 1798 160728 0 2502904 0 0 264820
0 8407880 1798 180858 0 2508170 0 0 264231
0 8407877 1798 200986 0 2513424 0 0 263655
0 8407879 1798 221116 0 2518666 0 0 263063
0 8407870 1798 241246 0 2523896 0 0 262472
0 8407872 1798 261373 0 2529115 0 0 261893
0 8407877 1798 281503 0 2534322 0 0 261305
0 8407871 1798 301631 0 2539516 0 0 260721
0 8407884 1798 321761 0 2544700 0 0 260137
0 8407873 1798 341889 0 2549871 0 0 259549
0 8407882 1798 362018 0 2555031 0 0 258965
0 8407883 1798 382149 0 2560179 0 0 258378
0 8407884 1798 402278 0 2565314 0 0 257785
0 8407884 1798 422407 0 2570439 0 0 257206
0 8407881 1798 442536 0 2575551 0 0 256621
0 8407880 1798 462663 0 2580652 0 0 256034
0 8407875 1798 482794 0 2585741 0 0 255447
0 8407885 1798 502923 0 2590819 0 0 254869
0 8407875 1798 523050 0 2595884 0 0 254281
0 8407878 1798 543181 0 2600937 0 0 253692
0 8407883 1798 563308 0 2605978 0 0 253102
0 8407880 1798 583438 0 2611008 0 0 252516
0 8407878 1798 603567 0 2616026 0 0 251936
0 8407880 1798 623695 0 2621032 0 0 251345
0 8407879 1798 643825 0 2626028 0 0 250768
0 8407886 1798 663955 0 2631011 0 0 250179
0 8407878 1798 684082 0 2635982 0 0 249596
0 8407874 1798 704212 0 2640941 0 0 249005
0 8407875 1798 724342 0 2645887 0 0 248410
0 8407880 1798 744472 0 2650823 0 0 247829
0 8407880 1798 764601 0 2655746 0 0 247242
0 8407876 1798 784729 0 2660658 0 0 246658
0 8407884 1798 804859 0 2665559 0 0 246075
0 8407878 1798 824987 0 2670447 0 0 245489
0 8407876 1798 845116 0 2675324 0 0 244899
0 8407874 1798 865246 0 2680189 0 0 244313
0 8407877 1798 885374 0 2685041 0 0 243721
0 8407872 1798 905504 0 2689883 0 0 243139
0 8407879 1798 925632 0 2694712 0 0 242560
0 8407872 1798 945759 0 2699530 0 0 241978
0 8407877 1798 965889 0 2704335 0 0 241390
0 8407882 1798 986018 0 2709129 0 0 240803
0 8407875 1799 6146 0 2713912 0 0 240219
0 8407878 1799 26276 0 2718682 0 0 239631
0 8407883 1799 46404 0 2723440 0 0 239041
0 8407883 1799 66533 0 2728187 0 0 238456
0 8407881 1799 86663 0 2732922 0 0 237872
0 8407876 1799 106791 0 2737646 0 0 237288
0 8407869 1799 126921 0 2742358 0 0 236704
0 8407867 1799 147052 0 2747057 0 0 236110
0 8407876 1799 167179 0 2751745 0 0 235531
0 8407884 1799 187310 0 2756421 0 0 234943
0 8407879 1799 207437 0 2761085 0 0 234352
0 8407876 1799 227568 0 2765738 0 0 233771
0 8407868 1799 247695 0 2770378 0 0 233186
0 8407876 1799 267824 0 2775007 0 0 232599
0 8407874 1799 287953 0 2779625 0 0 232020
0 8407883 1799 308082 0 2784230 0 0 231426
0 8407878 1799 328213 0 2788824 0 0 230840
0 8407877 1799 348340 0 2793406 0 0 230261
0 8407872 1799 368469 0 2797976 0 0 229674
0 8407875 1799 388598 0 2802534 0 0 229090
0 8407877 1799 408727 0 2807080 0 0 228501
0 8407874 1799 428855 0 2811614 0 0 227912
0 8407879 1799 448985 0 2816139 0 0 227338
0 8407872 1799 469114 0 2820649 0 0 226747
0 8407879 1799 489242 0 2825149 0 0 226161
0 8407888 1799 509372 0 2829635 0 0 225570
0 8407879 1799 529504 0 2834111 0 0 224982
0 8407869 1799 549632 0 2838575 0 0 224395
0 8407881 1799 569762 0 2843027 0 0 223808
0 8407878 1799 589890 0 2847467 0 0 223222
0 8407878 1799 610019 0 2851896 0 0 222642
0 8407880 1799 630147 0 2856313 0 0 222060
0 8407872 1799 650276 0 2860717 0 0 221460
0 8407877 1799 670404 0 2865110 0 0 220880
0 8407876 1799 690532 0 2869491 0 0 220289
0 8407881 1799 710664 0 2873861 0 0 219711
0 8407878 1799 730792 0 2878218 0 0 219124
0 8407875 1799 750920 0 2882566 0 0 218548
0 8407877 1799 771049 0 2886899 0 0 217957
0 8407877 1799 791177 0 2891221 0 0 217371
0 8407876 1799 811307 0 2895531 0 0 216779
0 8407867 1799 831437 0 2899830 0 0 216191
0 8407885 1799 851565 0 2904117 0 0 215610
0 8407876 1799 871694 0 2908392 0 0 215023
0 8407882 1799 891822 0 2912656 0 0 214442
0 8407879 1799 911952 0 2916908 0 0 213858
0 8407868 1799 932082 0 2921147 0 0 213269
0 8407873 1799 952210 0 2925375 0 0 212673
0 8407871 1799 972340 0 2929591 0 0 212092
0 8407875 1799 992467 0 2933796 0 0 211511
0 8407872 1800 12598 0 2937988 0 0 210925
0 8407880 1800 32727 0 2942169 0 0 210338
0 8407878 1800 52854 0 2946338 0 0 209753
0 8407872 1800 72985 0 2950496 0 0 209171
0 8407870 1800 93112 0 2954641 0 0 208580
0 8407878 1800 113243 0 2958775 0 0 207993
0 8407877 1800 133372 0 2962896 0 0 207407
0 8407869 1800 153499 0 2967007 0 0 206827
0 8407881 1800 173630 0 2971105 0 0 206239
0 8407873 1800 193757 0 2975192 0 0 205654
0 8407882 1800 213887 0 2979266 0 0 205067
0 8407877 1800 234017 0 2983329 0 0 204481
0 8407876 1800 254144 0 2987382 0 0 203905
0 8407874 1800 274274 0 2991421 0 0 203314
0 8407879 1800 294402 0 2995448 0 0 202727
0 8407873 1800 314532 0 2999463 0 0 202136
0 8407871 1800 334664 0 3003467 0 0 201553
0 8407880 1800 354792 0 3007459 0 0 200961
0 8407869 1800 374920 0 3011440 0 0 200383
0 8407876 1800 395050 0 3015409 0 0 199793
0 8407877 1800 415178 0 3019365 0 0 199209
0 8407870 1800 435307 0 3023310 0 0 198624
0 8407881 1800 455437 0 3027243 0 0 198025
0 8407868 1800 475563 0 3031164 0 0 197442
0 8407874 1800 495695 0 3035074 0 0 196857
0 8407871 1800 515825 0 3038971 0 0 196271
0 8407886 1800 535950 0 3042858 0 0 195697
0 8407874 1800 556080 0 3046733 0 0 195113
0 8407871 1800 576208 0 3050595 0 0 194522
0 8407873 1800 596338 0 3054445 0 0 193931
0 8407868 1800 616466 0 3058284 0 0 193350
0 8407871 1800 636596 0 3062111 0 0 192763
0 8407879 1800 656726 0 3065926 0 0 192176
0 8407873 1800 676853 0 3069730 0 0 191594
0 8407874 1800 696983 0 3073522 0 0 191010
0 8407873 1800 717113 0 3077302 0 0 190429
0 8407873 1800 737240 0 3081070 0 0 189836
0 8407874 1800 757370 0 3084826 0 0 189244
0 8407871 1800 777498 0 3088570 0 0 188658
0 8407876 1800 797628 0 3092303 0 0 188077
0 8407875 1800 817757 0 3096024 0 0 187491
0 8407877 1800 837886 0 3099733 0 0 186904
0 8407879 1800 858017 0 3103431 0 0 186323
0 8407873 1800 878144 0 3107117 0 0 185737
0 8407873 1800 898273 0 3110790 0 0 185146
0 8407870 1800 918404 0 3114452 0 0 184560
0 8407880 1800 938531 0 3118102 0 0 183973
0 8407875 1800 958660 0 3121741 0 0 183392
0 8407874 1800 978789 0 3125368 0 0 182811
0 8407874 1800 998918 0 3128983 0 0 182225
0 8407880 1801 19047 0 3132585 0 0 181633
0 8407879 1801 39175 0 3136177 0 0 181053
0 8407872 1801 59305 0 3139756 0 0 180462
0 8407873 1801 79433 0 3143324 0 0 179875
0 8407880 1801 99563 0 3146880 0 0 179294
0 8407875 1801 119692 0 3150424 0 0 178708
0 8407874 1801 139820 0 3153956 0 0 178121
0 8407881 1801 159952 0 3157477 0 0 177533
0 8407874 1801 180082 0 3160986 0 0 176945
0 8407872 1801 200210 0 3164483 0 0 176361
0 8407881 1801 220337 0 3167968 0 0 175781
0 8407875 1801 240467 0 3171441 0 0 175188
0 8407873 1801 260595 0 3174902 0 0 174604
0 8407873 1801 280725 0 3178352 0 0 174016
0 8407874 1801 300854 0 3181790 0 0 173430
0 8407872 1801 320982 0 3185216 0 0 172845
0 8407879 1801 341112 0 3188631 0 0 172262
0 8407875 1801 361240 0 3192033 0 0 171674
0 8407872 1801 381369 0 3195424 0 0 171089
0 8407880 1801 401497 0 3198802 0 0 170498
0 8407874 1801 421627 0 3202170 0 0 169914
0 8407876 1801 441755 0 3205525 0 0 169330
0 8407878 1801 461885 0 3208869 0 0 168747
0 8407880 1801 482014 0 3212201 0 0 168161
0 8407880 1801 502142 0 3215521 0 0 167576
0 8407872 1801 522272 0 3218829 0 0 166988
0 8407874 1801 542402 0 3222125 0 0 166397
0 8407885 1801 562529 0 3225410 0 0 165816
0 8407878 1801 582659 0 3228683 0 0 165229
0 8407876 1801 602789 0 3231944 0 0 164646
0 8407884 1801 622916 0 3235194 0 0 164063
0 8407876 1801 643047 0 3238431 0 0 163475
0 8407882 1801 663176 0 3241657 0 0 162889
0 8407872 1801 683303 0 3244870 0 0 162299
0 8407880 1801 703434 0 3248072 0 0 161711
0 8407880 1801 723563 0 3251262 0 0 161125
0 8407876 1801 743692 0 3254441 0 0 160545
0 8407881 1801 763821 0 3257608 0 0 159957
0 8407886 1801 783948 0 3260763 0 0 159373
0 8407869 1801 804079 0 3263907 0 0 158792
0 8407880 1801 824208 0 3267038 0 0 158198
0 8407881 1801 844336 0 3270157 0 0 157613
0 8407876 1801 864465 0 3273265 0 0 157028
0 8407881 1801 884595 0 3276361 0 0 156444
0 8407877 1801 904722 0 3279446 0 0 155865
0 8407883 1801 924852 0 3282518 0 0 155279
0 8407882 1801 944980 0 3285578 0 0 154688
0 8407868 1801 965112 0 3288627 0 0 154100
0 8407875 1801 985241 0 3291664 0 0 153513
0 8407876 1802 5369 0 3294689 0 0 152923
0 8407871 1802 25499 0 3297703 0 0 152342
0 8407880 1802 45629 0 3300704 0 0 151754
0 8407875 1802 65755 0 3303694 0 0 151170
0 8407874 1802 85886 0 3306672 0 0 150583
0 8407872 1802 106016 0 3309638 0 0 149990
0 8407885 1802 126142 0 3312593 0 0 149411
0 8407879 1802 146273 0 3315536 0 0 148828
0 8407875 1802 166399 0 3318466 0 0 148241
0 8407875 1802 186529 0 3321386 0 0 147659
0 8407876 1802 206657 0 3324292 0 0 147068
0 8407875 1802 226787 0 3327188 0 0 146482
0 8407880 1802 246916 0 3330072 0 0 145901
0 8407876 1802 267044 0 3332944 0 0 145313
0 8407873 1802 287174 0 3335804 0 0 144728
0 8407875 1802 307304 0 3338652 0 0 144142
0 8407878 1802 327431 0 3341489 0 0 143555
0 8407873 1802 347561 0 3344314 0 0 142969
0 8407875 1802 367689 0 3347126 0 0 142382
0 8407875 1802 387819 0 3349928 0 0 141795
0 8407876 1802 407950 0 3352717 0 0 141213
0 8407876 1802 428077 0 3355495 0 0 140629
0 8407882 1802 448206 0 3358261 0 0 140042
0 8407878 1802 468337 0 3361014 0 0 139449
0 8407871 1802 488464 0 3363757 0 0 138869
0 8407877 1802 508595 0 3366487 0 0 138283
0 8407875 1802 528722 0 3369206 0 0 137697
0 8407872 1802 548851 0 3371913 0 0 137111
0 8407881 1802 568980 0 3374608 0 0 136529
0 8407875 1802 589111 0 3377291 0 0 135938
0 8407874 1802 609238 0 3379962 0 0 135353
0 8407870 1802 629367 0 3382622 0 0 134765
0 8407875 1802 649495 0 3385270 0 0 134180
0 8407873 1802 669625 0 3387906 0 0 133599
0 8407870 1802 689754 0 3390530 0 0 133007
0 8407873 1802 709883 0 3393143 0 0 132427
0 8407868 1802 730014 0 3395744 0 0 131838
0 8407872 1802 750140 0 3398333 0 0 131254
0 8407879 1802 770272 0 3400910 0 0 130666
0 8407877 1802 790402 0 3403475 0 0 130080
0 8407883 1802 810530 0 3406029 0 0 129498
0 8407875 1802 830660 0 3408571 0 0 128912
0 8407881 1802 850785 0 3411100 0 0 128322
0 8407885 1802 870915 0 3413619 0 0 127741
0 8407878 1802 891047 0 3416125 0 0 127153
0 8407866 1802 911172 0 3418620 0 0 126569
0 8407877 1802 931302 0 3421102 0 0 125979
0 8407875 1802 951434 0 3423573 0 0 125389
0 8407876 1802 971559 0 3426032 0 0 124807
0 8407869 1802 991689 0 3428480 0 0 124226
0 8407865 1803 11817 0 3430915 0 0 123634
0 8407875 1803 31947 0 3433339 0 0 123048
0 8407875 1803 52076 0 3435751 0 0 122464
0 8407877 1803 72206 0 3438152 0 0 121878
0 8407877 1803 92334 0 3440540 0 0 121295
0 8407876 1803 112463 0 3442917 0 0 120706
0 8407881 1803 132591 0 3445282 0 0 120126
0 8407876 1803 152721 0 3447635 0 0 119541
0 8407872 1803 172850 0 3449976 0 0 118952
0 8407875 1803 192978 0 3452306 0 0 118367
0 8407869 1803 213109 0 3454623 0 0 117780
0 8407874 1803 233238 4 3456929 0 0 117194
0 8407880 1803 253365 0 3459223 0 0 116608
0 8407872 1803 273496 0 3461506 0 0 116022
0 8407882 1803 293623 0 3463776 0 0 115436
0 8407873 1803 313754 0 3466035 0 0 114849
0 8407867 1803 333883 0 3468282 0 0 114262
0 8407863 1803 354012 0 3470517 0 0 113676
0 8407872 1803 374141 0 3472741 0 0 113096
0 8407870 1803 394268 0 3474952 0 0 112504
0 8407874 1803 414399 0 3477152 0 0 111923
0 8407875 1803 434526 0 3479340 0 0 111338
0 8407873 1803 454656 0 3481516 0 0 110750
0 8407879 1803 474786 0 3483680 0 0 110159
0 8407869 1803 494913 0 3485834 0 0 109583
0 8407880 1803 515043 0 3487975 0 0 108997
0 8407872 1803 535172 0 3490103 0 0 108406
0 8407879 1803 555300 0 3492221 0 0 107826
0 8407875 1803 575430 0 3494326 0 0 107233
0 8407874 1803 595562 0 3496419 0 0 106645
0 8407865 1803 615690 0 3498501 0 0 106060
0 8407870 1803 635819 0 3500571 0 0 105473
0 8407879 1803 655945 0 3502630 0 0 104894
0 8407875 1803 676077 0 3504676 0 0 104307
0 8407878 1803 696206 0 3506711 0 0 103714
0 8407878 1803 716332 0 3508734 0 0 103130
0 8407873 1803 736464 0 3510745 0 0 102548
0 8407872 1803 756593 0 3512744 0 0 101956
0 8407873 1803 776719 0 3514732 0 0 101377
0 8407879 1803 796849 0 3516707 0 0 100791
0 8407878 1803 816979 0 3518671 0 0 100204
0 8407878 1803 837106 0 3520623 0 0 99619
0 8407875 1803 857236 0 3522564 0 0 99031
0 8407877 1803 877366 0 3524492 0 0 98446
0 8407879 1803 897493 0 3526409 0 0 97860
0 8407870 1803 917623 0 3528314 0 0 97272
0 8407872 1803 937751 0 3530207 0 0 96688
0 8407875 1803 957881 0 3532089 0 0 96106
0 8407878 1803 978012 0 3533958 0 0 95513
0 8407874 1803 998138 0 3535816 0 0 94933
0 8407878 1804 18268 0 3537662 0 0 94347
0 8407880 1804 38399 0 3539496 0 0 93759
0 8407873 1804 58526 0 3541319 0 0 93174
0 8407870 1804 78655 0 3543130 0 0 92593
0 8407878 1804 98784 0 3544928 0 0 92002
0 8407881 1804 118913 0 3546716 0 0 91421
0 8407878 1804 139042 0 3548491 0 0 90834
0 8407873 1804 159171 0 3550254 0 0 90243
0 8407867 1804 179300 0 3552006 0 0 89663
0 8407873 1804 199429 0 3553746 0 0 89075
0 8407873 1804 219560 0 3555474 0 0 88489
0 8407866 1804 239687 0 3557190 0 0 87904
0 8407869 1804 259816 0 3558895 0 0 87317
0 8407873 1804 279944 0 3560588 0 0 86731
0 8407868 1804 300074 0 3562269 0 0 86149
0 8407874 1804 320203 0 3563938 0 0 85558
0 8407869 1804 340331 0 3565596 0 0 84977
0 8407872 1804 360461 0 3567241 0 0 84390
0 8407875 1804 380589 0 3568875 0 0 83805
0 8407866 1804 400721 0 3570497 0 0 83217
0 8407876 1804 420851 0 3572107 0 0 82631
0 8407876 1804 440979 0 3573706 0 0 82050
0 8407874 1804 461107 0 3575292 0 0 81459
0 8407870 1804 481236 0 3576867 0 0 80873
0 8407866 1804 501364 0 3578430 0 0 80287
0 8407875 1804 521494 0 3579981 0 0 79701
0 8407875 1804 541624 0 3581521 0 0 79114
0 8407872 1804 561751 0 3583048 0 0 78528
0 8407873 1804 581881 0 3584564 0 0 77941
0 8407873 1804 602011 0 3586068 0 0 77356
0 8407873 1804 622139 0 3587561 0 0 76776
0 8407872 1804 642267 0 3589041 0 0 76184
0 8407872 1804 662396 0 3590510 0 0 75603
0 8407871 1804 682524 0 3591967 0 0 75017
0 8407875 1804 702654 0 3593412 0 0 74430
0 8407869 1804 722784 0 3594845 0 0 73844
0 8407871 1804 742912 0 3596267 0 0 73258
0 8407865 1804 763041 0 3597677 0 0 72676
0 8407873 1804 783169 0 3599075 0 0 72091
0 8407874 1804 803299 0 3600461 0 0 71505
0 8407872 1804 823429 0 3601835 0 0 70913
0 8407870 1804 843558 0 3603198 0 0 70331
0 8407874 1804 863687 0 3604548 0 0 69740
0 8407879 1804 883814 0 3605887 0 0 69154
0 8407873 1804 903945 0 3607215 0 0 68573
0 8407865 1804 924074 0 3608530 0 0 67987
0 8407870 1804 944201 0 3609834 0 0 67401
0 8407871 1804 964332 0 3611125 0 0 66809
0 8407885 1804 984461 0 3612405 0 0 66222
0 8407874 1805 4588 0 3613674 0 0 65642
0 8407868 1805 24719 0 3614930 0 0 65056
0 8407876 1805 44846 0 3616175 0 0 64469
0 8407877 1805 64976 0 3617408 0 0 63888
0 8407869 1805 85105 0 3618629 0 0 63301
0 8407870 1805 105233 0 3619838 0 0 62711
0 8407881 1805 125363 0 3621036 0 0 62129
0 8407865 1805 145491 0 3622221 0 0 61538
0 8407879 1805 165620 0 3623395 0 0 60957
0 8407883 1805 185750 0 3624557 0 0 60371
0 8407877 1805 205880 0 3625708 0 0 59784
0 8407868 1805 226012 0 3626846 0 0 59197
0 8407870 1805 246139 0 3627973 0 0 58611
0 8407878 1805 266267 0 3629088 0 0 58025
0 8407873 1805 286397 0 3630191 0 0 57439
0 8407873 1805 306525 0 3631282 0 0 56853
0 8407873 1805 326655 0 3632362 0 0 56267
0 8407878 1805 346785 0 3633430 0 0 55685
0 8407875 1805 366910 0 3634486 0 0 55100
0 8407878 1805 387042 0 3635530 0 0 54513
0 8407882 1805 407169 0 3636562 0 0 53922
0 8407867 1805 427297 0 3637583 0 0 53342
0 8407878 1805 447427 0 3638592 0 0 52755
0 8407876 1805 467557 0 3639589 0 0 52169
0 8407867 1805 487684 0 3640574 0 0 51583
0 8407871 1805 507814 0 3641547 0 0 50996
0 8407877 1805 527943 0 3642506 0 0 50395
0 8407866 1805 548072 0 3643410 0 0 49581
0 8407880 1805 568202 4 3644248 0 0 48497
0 8407852 1805 588329 4 3645020 0 0 47147
0 8407874 1805 608460 4 3645726 0 0 45526
0 8407869 1805 628587 4 3646366 0 0 43633
0 8407869 1805 648717 0 3646940 0 0 41473
0 8407870 1805 668846 0 3647448 0 0 39044
0 8407870 1805 688975 0 3647891 0 0 36350
0 8407875 1805 709106 0 3648267 0 0 33385
0 8407866 1805 729233 0 3648577 0 0 30160
0 8407873 1805 749362 0 3648821 0 0 26882
0 8407877 1805 769491 0 3648999 0 0 23603
0 8407878 1805 789620 0 3649111 0 0 20324
0 8407877 1805 809749 0 3649158 0 0 17050
0 8407874 1805 829878 32 3649160 0 0 13880
0 8407872 1805 850009 32 3649160 0 0 11029
