ADC1 ADC2 tv_sec tv_usec M_STAT M_POS LVDT_DL LVDT actual_speed
0 8388388 0 0 16 -8935954 0 0 0
0 8388392 0 0 16 -8942245 0 0 0
0 8388401 0 0 16 -8948535 0 0 0
0 8388387 0 0 16 -8954825 0 0 0
0 8388384 0 0 16 -8961116 0 0 0
0 8388365 0 0 16 -8967407 0 0 0
0 8388370 0 0 16 -8973696 0 0 0
0 8388375 0 0 16 -8979986 0 0 0
0 8388374 0 0 16 -8986276 0 0 0
0 8388385 0 0 16 -8992567 0 0 0
0 8388400 0 0 16 -8998857 0 0 0
0 8388380 0 0 16 -9005148 0 0 0
0 8388388 0 0 16 -9011438 0 0 0
0 8388375 0 0 16 -9017729 0 0 0
0 8388370 0 0 16 -9024018 0 0 0
0 8388393 0 0 16 -9030309 0 0 0
0 8388384 0 0 16 -9036599 0 0 0
0 8388398 0 0 16 -9042890 0 0 0
0 8388384 0 0 16 -9049179 0 0 0
0 8388368 0 0 16 -9055471 0 0 0
0 8388370 0 0 16 -9061761 0 0 0
0 8388380 0 0 16 -9068050 0 0 0
0 8388363 0 0 16 -9074341 0 0 0
0 8388379 0 0 16 -9080631 0 0 0
0 8388369 0 0 16 -9086922 0 0 0
0 8388398 0 0 16 -9093212 0 0 0
0 8388397 0 0 16 -9099503 0 0 0
0 8388391 0 0 16 -9105793 0 0 0
0 8388381 0 0 16 -9112083 0 0 0
0 8388384 0 0 16 -9118374 0 0 0
0 8388373 0 0 16 -9124665 0 0 0
0 8388382 0 0 16 -9130955 0 0 0
0 8388378 0 0 16 -9137245 0 0 0
0 8388360 0 0 16 -9143535 0 0 0
0 8388367 0 0 16 -9149826 0 0 0
0 8388364 0 0 16 -9156116 0 0 0
0 8388368 0 0 16 -9162406 0 0 0
0 8388371 0 0 16 -9168697 0 0 0
0 8388398 0 0 16 -9174987 0 0 0
0 8388359 0 0 16 -9181277 0 0 0
0 8388360 0 0 16 -9187567 0 0 0
0 8388373 0 0 16 -9193858 0 0 0
0 8388385 0 0 16 -9200148 0 0 0
0 8388380 0 0 16 -9206439 0 0 0
0 8388375 0 0 16 -9212729 0 0 0
0 8388376 0 0 16 -9219018 0 0 0
0 8388370 0 0 16 -9225309 0 0 0
0 8388380 0 0 16 -9231599 0 0 0
0 8388390 0 0 16 -9237889 0 0 0
0 8388369 0 0 16 -9244179 0 0 0
0 8388395 0 0 16 -9250470 0 0 0
0 8388374 0 0 16 -9256761 0 0 0
0 8388382 0 0 16 -9263050 0 0 0
0 8388379 0 0 16 -9269341 0 0 0
0 8388369 0 0 16 -9275631 0 0 0
0 8388363 0 0 16 -9281921 0 0 0
0 8388384 0 0 16 -9288212 0 0 0
0 8388385 0 0 16 -9294503 0 0 0
0 8388380 0 0 16 -9300793 0 0 0
0 8388366 0 0 16 -9307083 0 0 0
0 8388365 0 0 16 -9313373 0 0 0
0 8388374 0 0 16 -9319663 0 0 0
0 8388365 0 0 16 -9325954 0 0 0
0 8388369 0 0 16 -9332244 0 0 0
0 8388368 0 0 16 -9338535 0 0 0
0 8388360 0 0 16 -9344825 0 0 0
0 8388367 0 0 16 -9351116 0 0 0
0 8388369 0 0 16 -9357405 0 0 0
0 8388373 0 0 16 -9363696 0 0 0
0 8388384 0 0 16 -9369986 0 0 0
0 8388374 0 0 16 -9376277 0 0 0
0 8388387 0 0 16 -9382568 0 0 0
0 8388381 0 0 16 -9388858 0 0 0
0 8388361 0 0 16 -9395148 0 0 0
0 8388377 0 0 16 -9401439 0 0 0
0 8388388 0 0 16 -9407729 0 0 0
0 8388386 0 0 16 -9414019 0 0 0
0 8388391 0 0 16 -9420309 0 0 0
0 8388373 0 0 16 -9426600 0 0 0
0 8388384 0 0 16 -9432889 0 0 0
0 8388371 0 0 16 -9439179 0 0 0
0 8388379 0 0 16 -9445470 0 0 0
0 8388371 0 0 16 -9451760 0 0 0
0 8388353 0 0 16 -9458051 0 0 0
0 8388365 0 0 16 -9464341 0 0 0
0 8388392 0 0 16 -9470631 0 0 0
0 8388393 0 0 16 -9476922 0 0 0
0 8388381 0 0 16 -9483211 0 0 0
0 8388374 0 0 16 -9489502 0 0 0
0 8388381 0 0 16 -9495793 0 0 0
0 8388383 0 0 16 -9502083 0 0 0
0 8388378 0 0 16 -9508373 0 0 0
0 8388387 0 0 16 -9514663 0 0 0
0 8388374 0 0 16 -9520953 0 0 0
0 8388376 0 0 16 -9527243 0 0 0
0 8388376 0 0 16 -9533534 0 0 0
0 8388391 0 0 16 -9539824 0 0 0
0 8388387 0 0 16 -9546115 0 0 0
0 8388380 0 0 16 -9552405 0 0 0
0 8388366 0 0 16 -9558695 0 0 0
0 8388374 0 0 16 -9564985 0 0 0
0 8388376 0 0 16 -9571276 0 0 0
0 8388396 0 0 16 -9577566 0 0 0
0 8388398 0 0 16 -9583856 0 0 0
0 8388387 0 0 16 -9590148 0 0 0
0 8388377 0 0 16 -9596438 0 0 0
0 8388376 0 0 16 -9602729 0 0 0
0 8388415 0 0 16 -9609018 0 0 0
0 8388384 0 0 16 -9615307 0 0 0
0 8388378 0 0 16 -9621599 0 0 0
0 8388383 0 0 16 -9627889 0 0 0
0 8388386 0 0 16 -9634180 0 0 0
0 8388392 0 0 16 -9640471 0 0 0
0 8388379 0 0 16 -9646761 0 0 0
0 8388388 0 0 16 -9653050 0 0 0
0 8388363 0 0 16 -9659341 0 0 0
0 8388364 0 0 16 -9665631 0 0 0
0 8388382 0 0 16 -9671922 0 0 0
0 8388381 0 0 16 -9678212 0 0 0
0 8388380 0 0 16 -9684503 0 0 0
0 8388388 0 0 16 -9690793 0 0 0
0 8388392 0 0 16 -9697082 0 0 0
0 8388376 0 0 16 -9703373 0 0 0
0 8388373 0 0 16 -9709663 0 0 0
0 8388365 0 0 16 -9715953 0 0 0
0 8388370 0 0 16 -9722244 0 0 0
0 8388370 0 0 16 -9728534 0 0 0
0 8388367 0 0 16 -9734825 0 0 0
0 8388373 0 0 16 -9741114 0 0 0
0 8388358 0 0 16 -9747405 0 0 0
0 8388384 0 0 16 -9753695 0 0 0
0 8388389 0 0 16 -9759985 0 0 0
0 8388378 0 0 16 -9766275 0 0 0
0 8388383 0 0 16 -9772566 0 0 0
0 8388359 0 0 16 -9778856 0 0 0
0 8388367 0 0 16 -9785147 0 0 0
0 8388376 0 0 16 -9791438 0 0 0
0 8388397 0 0 16 -9797728 0 0 0
0 8388380 0 0 16 -9804017 0 0 0
0 8388380 0 0 16 -9810308 0 0 0
0 8388379 0 0 16 -9816598 0 0 0
0 8388387 0 0 16 -9822888 0 0 0
0 8388376 0 0 16 -9829178 0 0 0
0 8388391 0 0 16 -9835469 0 0 0
0 8388361 0 0 16 -9841759 0 0 0
0 8388377 0 0 16 -9848050 0 0 0
0 8388383 0 0 16 -9854340 0 0 0
0 8388359 0 0 16 -9860630 0 0 0
0 8388341 0 0 16 -9866920 0 0 0
0 8388356 0 0 16 -9873211 0 0 0
0 8388382 0 0 16 -9879502 0 0 0
0 8388381 0 0 16 -9885793 0 0 0
0 8388385 0 0 16 -9892083 0 0 0
0 8388394 0 0 16 -9898373 0 0 0
0 8388393 0 0 16 -9904663 0 0 0
0 8388385 0 0 16 -9910953 0 0 0
0 8388370 0 0 16 -9917243 0 0 0
0 8388367 0 0 16 -9923533 0 0 0
0 8388383 0 0 16 -9929825 0 0 0
0 8388386 0 0 16 -9936115 0 0 0
0 8388367 0 0 16 -9942405 0 0 0
0 8388357 0 0 16 -9948694 0 0 0
0 8388368 0 0 16 -9954985 0 0 0
0 8388386 0 0 16 -9961275 0 0 0
0 8388382 0 0 16 -9967565 0 0 0
0 8388388 0 0 16 -9973856 0 0 0
0 8388383 0 0 16 -9980147 0 0 0
0 8388369 0 0 16 -9986437 0 0 0
0 8388386 0 0 16 -9992727 0 0 0
0 8388357 0 0 16 -9999017 0 0 0
0 8388340 0 0 16 -10005307 0 0 0
0 8388365 0 0 16 -10011597 0 0 0
0 8388382 0 0 16 -10017888 0 0 0
0 8388378 0 0 16 -10024178 0 0 0
0 8388353 0 0 16 -10030469 0 0 0
0 8388364 0 0 16 -10036759 0 0 0
0 8388379 0 0 16 -10043049 0 0 0
0 8388371 0 0 16 -10049339 0 0 0
0 8388363 0 0 16 -10055630 0 0 0
0 8388367 0 0 16 -10061920 0 0 0
0 8388404 0 0 16 -10068210 0 0 0
0 8388367 0 0 16 -10074501 0 0 0
0 8388378 0 0 16 -10080792 0 0 0
0 8388354 0 0 16 -10087082 0 0 0
0 8388379 0 0 16 -10093372 0 0 0
0 8388363 0 0 16 -10099663 0 0 0
0 8388361 0 0 16 -10105953 0 0 0
0 8388366 0 0 16 -10112243 0 0 0
0 8388367 0 0 16 -10118533 0 0 0
0 8388369 0 0 16 -10124824 0 0 0
0 8388383 0 0 16 -10131116 0 0 0
0 8388383 0 0 16 -10137406 0 0 0
0 8388391 0 0 16 -10143696 0 0 0
0 8388404 0 0 16 -10149985 0 0 0
0 8388381 0 0 16 -10156276 0 0 0
0 8388383 0 0 16 -10162566 0 0 0
0 8388373 0 0 16 -10168856 0 0 0
0 8388376 0 0 16 -10175147 0 0 0
0 8388381 0 0 16 -10181437 0 0 0
0 8388352 0 0 16 -10187727 0 0 0
0 8388391 0 0 16 -10194017 0 0 0
0 8388388 0 0 16 -10200307 0 0 0
0 8388397 0 0 16 -10206598 0 0 0
0 8388390 0 0 16 -10212888 0 0 0
0 8388407 0 0 16 -10219178 0 0 0
0 8388396 0 0 16 -10225470 0 0 0
0 8388381 0 0 16 -10231759 0 0 0
0 8388379 0 0 16 -10238049 0 0 0
0 8388372 0 0 16 -10244339 0 0 0
0 8388393 0 0 16 -10250629 0 0 0
0 8388387 0 0 16 -10256920 0 0 0
0 8388376 0 0 16 -10263210 0 0 0
0 8388381 0 0 16 -10269501 0 0 0
0 8388396 0 0 16 -10275791 0 0 0
0 8388369 0 0 16 -10282081 0 0 0
0 8388370 0 0 16 -10288371 0 0 0
0 8388393 0 0 16 -10294662 0 0 0
0 8388378 0 0 16 -10300952 0 0 0
0 8388361 0 0 16 -10307242 0 0 0
0 8388376 0 0 16 -10313532 0 0 0
0 8388354 0 0 16 -10319823 0 0 0
0 8388373 0 0 16 -10326113 0 0 0
0 8388376 0 0 16 -10332404 0 0 0
0 8388373 0 0 16 -10338694 0 0 0
0 8388382 0 0 16 -10344984 0 0 0
0 8388384 0 0 16 -10351275 0 0 0
0 8388399 0 0 16 -10357564 0 0 0
0 8388377 0 0 16 -10363855 0 0 0
0 8388373 0 0 16 -10370145 0 0 0
0 8388373 0 0 16 -10376437 0 0 0
0 8388379 0 0 16 -10382727 0 0 0
0 8388385 0 0 16 -10389018 0 0 0
0 8388379 0 0 16 -10395308 0 0 0
0 8388369 0 0 16 -10401598 0 0 0
0 8388375 0 0 16 -10407888 0 0 0
0 8388372 0 0 16 -10414178 0 0 0
0 8388368 0 0 16 -10420469 0 0 0
0 8388363 0 0 16 -10426759 0 0 0
0 8388357 0 0 16 -10433049 0 0 0
0 8388369 0 0 16 -10439339 0 0 0
0 8388369 0 0 16 -10445630 0 0 0
0 8388360 0 0 16 -10451920 0 0 0
0 8388364 0 0 16 -10458210 0 0 0
0 8388398 0 0 16 -10464501 0 0 0
0 8388389 0 0 16 -10470792 0 0 0
0 8388386 0 0 16 -10477082 0 0 0
0 8388370 0 0 16 -10483371 0 0 0
0 8388363 0 0 16 -10489662 0 0 0
0 8388386 0 0 16 -10495951 0 0 0
0 8388388 0 0 16 -10502242 0 0 0
0 8388381 0 0 16 -10508532 0 0 0
0 8388371 0 0 16 -10514823 0 0 0
0 8388370 0 0 16 -10521113 0 0 0
0 8388371 0 0 16 -10527404 0 0 0
0 8388363 0 0 16 -10533693 0 0 0
0 8388386 0 0 16 -10539984 0 0 0
0 8388373 0 0 16 -10546274 0 0 0
0 8388372 0 0 16 -10552565 0 0 0
0 8388378 0 0 16 -10558855 0 0 0
0 8388366 0 0 16 -10565146 0 0 0
0 8388387 0 0 16 -10571436 0 0 0
0 8388379 0 0 16 -10577726 0 0 0
0 8388374 0 0 16 -10584016 0 0 0
0 8388391 0 0 16 -10590306 0 0 0
0 8388384 0 0 16 -10596597 0 0 0
0 8388388 0 0 16 -10602888 0 0 0
0 8388378 0 0 16 -10609177 0 0 0
0 8388370 0 0 16 -10615469 0 0 0
0 8388356 0 0 16 -10621758 0 0 0
0 8388362 0 0 16 -10628049 0 0 0
0 8388373 0 0 16 -10634339 0 0 0
0 8388366 0 0 16 -10640631 0 0 0
0 8388357 0 0 16 -10646920 0 0 0
0 8388360 0 0 16 -10653211 0 0 0
0 8388370 0 0 16 -10659501 0 0 0
0 8388385 0 0 16 -10665791 0 0 0
0 8388397 0 0 16 -10672082 0 0 0
0 8388374 0 0 16 -10678371 0 0 0
0 8388391 0 0 16 -10684662 0 0 0
0 8388392 0 0 16 -10690952 0 0 0
0 8388378 0 0 16 -10697242 0 0 0
0 8388378 0 0 16 -10703533 0 0 0
0 8388376 0 0 16 -10709823 0 0 0
0 8388382 0 0 16 -10716113 0 0 0
0 8388371 0 0 16 -10722404 0 0 0
0 8388391 0 0 16 -10728693 0 0 0
0 8388394 0 0 16 -10734984 0 0 0
0 8388385 0 0 16 -10741274 0 0 0
0 8388359 0 0 16 -10747564 0 0 0
0 8388374 0 0 16 -10753854 0 0 0
0 8388377 0 0 16 -10760145 0 0 0
0 8388386 0 0 16 -10766436 0 0 0
0 8388360 0 0 16 -10772726 0 0 0
0 8388378 0 0 16 -10779016 0 0 0
0 8388370 0 0 16 -10785306 0 0 0
0 8388369 0 0 16 -10791596 0 0 0
0 8388391 0 0 16 -10797887 0 0 0
0 8388373 0 0 16 -10804176 0 0 0
0 8388383 0 0 16 -10810468 0 0 0
0 8388377 0 0 16 -10816758 0 0 0
0 8388392 0 0 16 -10823048 0 0 0
0 8388386 0 0 16 -10829338 0 0 0
0 8388368 0 0 16 -10835629 0 0 0
0 8388372 0 0 16 -10841919 0 0 0
0 8388389 0 0 16 -10848209 0 0 0
0 8388376 0 0 16 -10854501 0 0 0
0 8388373 0 0 16 -10860791 0 0 0
0 8388379 0 0 16 -10867080 0 0 0
0 8388374 0 0 16 -10873371 0 0 0
0 8388372 0 0 16 -10879661 0 0 0
0 8388378 0 0 16 -10885951 0 0 0
0 8388379 0 0 16 -10892242 0 0 0
0 8388378 0 0 16 -10898533 0 0 0
0 8388389 0 0 16 -10904824 0 0 0
0 8388376 0 0 16 -10911114 0 0 0
0 8388378 0 0 16 -10917404 0 0 0
0 8388376 0 0 16 -10923694 0 0 0
0 8388374 0 0 16 -10929984 0 0 0
0 8388371 0 0 16 -10936274 0 0 0
0 8388389 0 0 16 -10942565 0 0 0
0 8388374 0 0 16 -10948855 0 0 0
0 8388374 0 0 16 -10955146 0 0 0
0 8388381 0 0 16 -10961435 0 0 0
0 8388388 0 0 16 -10967726 0 0 0
0 8388390 0 0 16 -10974016 0 0 0
0 8388394 0 0 16 -10980306 0 0 0
0 8388391 0 0 16 -10986597 0 0 0
0 8388394 0 0 16 -10992887 0 0 0
0 8388382 0 0 16 -10999176 0 0 0
0 8388386 0 0 16 -11005468 0 0 0
0 8388383 0 0 16 -11011757 0 0 0
0 8388381 0 0 16 -11018048 0 0 0
0 8388377 0 0 16 -11024338 0 0 0
0 8388383 0 0 16 -11030628 0 0 0
0 8388373 0 0 16 -11036919 0 0 0
0 8388382 0 0 16 -11043209 0 0 0
0 8388408 0 0 16 -11049499 0 0 0
0 8388376 0 0 16 -11055790 0 0 0
0 8388390 0 0 16 -11062080 0 0 0
0 8388402 0 0 16 -11068370 0 0 0
0 8388377 0 0 16 -11074660 0 0 0
0 8388372 0 0 16 -11080950 0 0 0
0 8388372 0 0 16 -11087241 0 0 0
0 8388368 0 0 16 -11093531 0 0 0
0 8388400 0 0 16 -11099822 0 0 0
0 8388380 0 0 16 -11106112 0 0 0
0 8388372 0 0 16 -11112403 0 0 0
0 8388368 0 0 16 -11118693 0 0 0
0 8388363 0 0 16 -11124982 0 0 0
0 8388391 0 0 16 -11131274 0 0 0
0 8388358 0 0 16 -11137564 0 0 0
0 8388374 0 0 16 -11143854 0 0 0
0 8388387 0 0 16 -11150146 0 0 0
0 8388379 0 0 16 -11156436 0 0 0
0 8388379 0 0 16 -11162726 0 0 0
0 8388376 0 0 16 -11169016 0 0 0
0 8388392 0 0 16 -11175306 0 0 0
0 8388350 0 0 16 -11181596 0 0 0
0 8388385 0 0 16 -11187886 0 0 0
0 8388379 0 0 16 -11194176 0 0 0
0 8388383 0 0 16 -11200468 0 0 0
0 8388380 0 0 16 -11206758 0 0 0
0 8388367 0 0 16 -11213048 0 0 0
0 8388356 0 0 16 -11219338 0 0 0
0 8388378 0 0 16 -11225628 0 0 0
0 8388377 0 0 16 -11231919 0 0 0
0 8388363 0 0 16 -11238209 0 0 0
0 8388374 0 0 16 -11244499 0 0 0
0 8388370 0 0 16 -11250790 0 0 0
0 8388367 0 0 16 -11257080 0 0 0
0 8388379 0 0 16 -11263370 0 0 0
0 8388380 0 0 16 -11269660 0 0 0
0 8388373 0 0 16 -11275950 0 0 0
0 8388379 0 0 16 -11282241 0 0 0
0 8388379 0 0 16 -11288531 0 0 0
0 8388368 0 0 16 -11294822 0 0 0
0 8388364 0 0 16 -11301112 0 0 0
0 8388361 0 0 16 -11307402 0 0 0
0 8388380 0 0 16 -11313692 0 0 0
0 8388378 0 0 16 -11319982 0 0 0
0 8388391 0 0 16 -11326273 0 0 0
0 8388375 0 0 16 -11332563 0 0 0
0 8388370 0 0 16 -11338854 0 0 0
0 8388382 0 0 16 -11345144 0 0 0
0 8388378 0 0 16 -11351435 0 0 0
0 8388376 0 0 16 -11357725 0 0 0
0 8388377 0 0 16 -11364016 0 0 0
0 8388375 0 0 16 -11370306 0 0 0
0 8388383 0 0 16 -11376596 0 0 0
0 8388379 0 0 16 -11382886 0 0 0
0 8388378 0 0 16 -11389177 0 0 0
0 8388349 0 0 16 -11395467 0 0 0
0 8388377 0 0 16 -11401759 0 0 0
0 8388382 0 0 16 -11408049 0 0 0
0 8388379 0 0 16 -11414338 0 0 0
0 8388390 0 0 16 -11420629 0 0 0
0 8388354 0 0 16 -11426918 0 0 0
0 8388390 0 0 16 -11433209 0 0 0
0 8388371 0 0 16 -11439500 0 0 0
0 8388364 0 0 16 -11445790 0 0 0
0 8388373 0 0 16 -11452080 0 0 0
0 8388364 0 0 16 -11458370 0 0 0
0 8388393 0 0 16 -11464660 0 0 0
0 8388390 0 0 16 -11470950 0 0 0
0 8388393 0 0 16 -11477240 0 0 0
0 8388389 0 0 16 -11483531 0 0 0
0 8388386 0 0 16 -11489822 0 0 0
0 8388366 0 0 16 -11496112 0 0 0
0 8388368 0 0 16 -11502403 0 0 0
0 8388370 0 0 16 -11508692 0 0 0
0 8388391 0 0 16 -11514982 0 0 0
0 8388398 0 0 16 -11521272 0 0 0
0 8388374 0 0 16 -11527563 0 0 0
0 8388383 0 0 16 -11533853 0 0 0
0 8388372 0 0 16 -11540144 0 0 0
0 8388385 0 0 16 -11546434 0 0 0
0 8388385 0 0 16 -11552724 0 0 0
0 8388384 0 0 16 -11559014 0 0 0
0 8388387 0 0 16 -11565305 0 0 0
0 8388367 0 0 16 -11571595 0 0 0
0 8388371 0 0 16 -11577885 0 0 0
0 8388382 0 0 16 -11584176 0 0 0
0 8388390 0 0 16 -11590466 0 0 0
0 8388396 0 0 16 -11596757 0 0 0
0 8388373 0 0 16 -11603046 0 0 0
0 8388367 0 0 16 -11609337 0 0 0
0 8388377 0 0 16 -11615628 0 0 0
0 8388388 0 0 16 -11621917 0 0 0
0 8388377 0 0 16 -11628208 0 0 0
0 8388381 0 0 16 -11634500 0 0 0
0 8388401 0 0 16 -11640790 0 0 0
0 8388381 0 0 16 -11647080 0 0 0
0 8388378 0 0 16 -11653371 0 0 0
0 8388387 0 0 16 -11659661 0 0 0
0 8388405 0 0 16 -11665951 0 0 0
0 8388382 0 0 16 -11672241 0 0 0
0 8388379 0 0 16 -11678531 0 0 0
0 8388371 0 0 16 -11684822 0 0 0
0 8388383 0 0 16 -11691112 0 0 0
0 8388391 0 0 16 -11697402 0 0 0
0 8388370 0 0 16 -11703692 0 0 0
0 8388386 0 0 16 -11709983 0 0 0
0 8388393 0 0 16 -11716273 0 0 0
0 8388404 0 0 16 -11722563 0 0 0
0 8388395 0 0 16 -11728854 0 0 0
0 8388367 0 0 16 -11735145 0 0 0
0 8388382 0 0 16 -11741434 0 0 0
0 8388390 0 0 16 -11747725 0 0 0
0 8388381 0 0 16 -11754015 0 0 0
0 8388393 0 0 16 -11760305 0 0 0
0 8388402 0 0 16 -11766594 0 0 0
0 8388399 0 0 16 -11772885 0 0 0
0 8388370 0 0 16 -11779175 0 0 0
0 8388371 0 0 16 -11785466 0 0 0
0 8388373 0 0 16 -11791756 0 0 0
0 8388360 0 0 16 -11798047 0 0 0
0 8388368 0 0 16 -11804336 0 0 0
0 8388373 0 0 16 -11810627 0 0 0
0 8388383 0 0 16 -11816917 0 0 0
0 8388373 0 0 16 -11823207 0 0 0
0 8388360 0 0 16 -11829499 0 0 0
0 8388380 0 0 16 -11835789 0 0 0
0 8388392 0 0 16 -11842079 0 0 0
0 8388393 0 0 16 -11848369 0 0 0
0 8388392 0 0 16 -11854659 0 0 0
0 8388374 0 0 16 -11860949 0 0 0
0 8388370 0 0 16 -11867240 0 0 0
0 8388382 0 0 16 -11873531 0 0 0
0 8388367 0 0 16 -11879821 0 0 0
0 8388380 0 0 16 -11886112 0 0 0
0 8388372 0 0 16 -11892402 0 0 0
0 8388382 0 0 16 -11898692 0 0 0
0 8388378 0 0 16 -11904982 0 0 0
0 8388369 0 0 16 -11911273 0 0 0
0 8388353 0 0 16 -11917564 0 0 0
0 8388383 0 0 16 -11923853 0 0 0
0 8388389 0 0 16 -11930144 0 0 0
0 8388374 0 0 16 -11936435 0 0 0
0 8388372 0 0 16 -11942725 0 0 0
0 8388361 0 0 16 -11949015 0 0 0
0 8388384 0 0 16 -11955305 0 0 0
0 8388379 0 0 16 -11961595 0 0 0
0 8388352 0 0 16 -11967886 0 0 0
0 8388378 0 0 16 -11974175 0 0 0
0 8388390 0 0 16 -11980467 0 0 0
0 8388387 0 0 16 -11986757 0 0 0
0 8388374 0 0 16 -11993047 0 0 0
0 8388360 0 0 16 -11999337 0 0 0
0 8388355 0 0 16 -12005627 0 0 0
0 8388374 0 0 16 -12011917 0 0 0
0 8388365 0 0 16 -12018207 0 0 0
0 8388383 0 0 16 -12024499 0 0 0
0 8388353 0 0 16 -12030788 0 0 0
0 8388363 0 0 16 -12037078 0 0 0
0 8388371 0 0 16 -12043368 0 0 0
0 8388373 0 0 16 -12049659 0 0 0
0 8388382 0 0 16 -12055949 0 0 0
0 8388373 0 0 16 -12062239 0 0 0
0 8388363 0 0 16 -12068530 0 0 0
0 8388364 0 0 16 -12074820 0 0 0
0 8388372 0 0 16 -12081111 0 0 0
0 8388386 0 0 16 -12087401 0 0 0
0 8388376 0 0 16 -12093691 0 0 0
0 8388370 0 0 16 -12099981 0 0 0
0 8388354 0 0 16 -12106271 0 0 0
0 8388358 0 0 16 -12112562 0 0 0
0 8388373 0 0 16 -12118852 0 0 0
0 8388367 0 0 16 -12125144 0 0 0
0 8388372 0 0 16 -12131434 0 0 0
0 8388382 0 0 16 -12137724 0 0 0
0 8388362 0 0 16 -12144014 0 0 0
0 8388375 0 0 16 -12150304 0 0 0
0 8388391 0 0 16 -12156594 0 0 0
0 8388395 0 0 16 -12162886 0 0 0
0 8388378 0 0 16 -12169176 0 0 0
0 8388379 0 0 16 -12175466 0 0 0
0 8388386 0 0 16 -12181756 0 0 0
0 8388372 0 0 16 -12188047 0 0 0
0 8388383 0 0 16 -12194336 0 0 0
0 8388361 0 0 16 -12200627 0 0 0
0 8388370 0 0 16 -12206917 0 0 0
0 8388369 0 0 16 -12213207 0 0 0
0 8388385 0 0 16 -12219499 0 0 0
0 8388403 0 0 16 -12225789 0 0 0
0 8388383 0 0 16 -12232079 0 0 0
0 8388383 0 0 16 -12238368 0 0 0
0 8388392 0 0 16 -12244659 0 0 0
0 8388383 0 0 16 -12250949 0 0 0
0 8388378 0 0 16 -12257239 0 0 0
0 8388371 0 0 16 -12263530 0 0 0
0 8388377 0 0 16 -12269820 0 0 0
0 8388361 0 0 16 -12276110 0 0 0
0 8388370 0 0 16 -12282401 0 0 0
0 8388373 0 0 16 -12288691 0 0 0
0 8388371 0 0 16 -12294981 0 0 0
0 8388390 0 0 16 -12301271 0 0 0
0 8388401 0 0 16 -12307562 0 0 0
0 8388399 0 0 16 -12313852 0 0 0
0 8388379 0 0 16 -12320143 0 0 0
0 8388396 0 0 16 -12326433 0 0 0
0 8388402 0 0 16 -12332723 0 0 0
0 8388405 0 0 16 -12339013 0 0 0
0 8388387 0 0 16 -12345303 0 0 0
0 8388384 0 0 16 -12351594 0 0 0
0 8388389 0 0 16 -12357884 0 0 0
0 8388381 0 0 16 -12364174 0 0 0
0 8388391 0 0 16 -12370465 0 0 0
0 8388390 0 0 16 -12376756 0 0 0
0 8388374 0 0 16 -12383047 0 0 0
0 8388370 0 0 16 -12389336 0 0 0
0 8388387 0 0 16 -12395627 0 0 0
0 8388383 0 0 16 -12401917 0 0 0
0 8388398 0 0 16 -12408207 0 0 0
0 8388383 0 0 16 -12414500 0 0 0
0 8388371 0 0 16 -12420789 0 0 0
0 8388375 0 0 16 -12427079 0 0 0
0 8388380 0 0 16 -12433369 0 0 0
0 8388385 0 0 16 -12439659 0 0 0
0 8388399 0 0 16 -12445949 0 0 0
0 8388378 0 0 16 -12452240 0 0 0
0 8388373 0 0 16 -12458530 0 0 0
0 8388391 0 0 16 -12464821 0 0 0
0 8388371 0 0 16 -12471111 0 0 0
0 8388377 0 0 16 -12477401 0 0 0
0 8388375 0 0 16 -12483691 0 0 0
0 8388372 0 0 16 -12489981 0 0 0
0 8388401 0 0 16 -12496272 0 0 0
0 8388370 0 0 16 -12502562 0 0 0
0 8388383 0 0 16 -12508852 0 0 0
0 8388387 0 0 16 -12515143 0 0 0
0 8388385 0 0 16 -12521433 0 0 0
0 8388402 0 0 16 -12527723 0 0 0
0 8388393 0 0 16 -12534013 0 0 0
0 8388391 0 0 16 -12540303 0 0 0
0 8388378 0 0 16 -12546593 0 0 0
0 8388373 0 0 16 -12552884 0 0 0
0 8388375 0 0 16 -12559174 0 0 0
0 8388387 0 0 16 -12565465 0 0 0
0 8388377 0 0 16 -12571755 0 0 0
0 8388377 0 0 16 -12578046 0 0 0
0 8388371 0 0 16 -12584335 0 0 0
0 8388373 0 0 16 -12590626 0 0 0
0 8388371 0 0 16 -12596916 0 0 0
0 8388375 0 0 16 -12603206 0 0 0
0 8388380 0 0 16 -12609498 0 0 0
0 8388376 0 0 16 -12615788 0 0 0
0 8388376 0 0 16 -12622078 0 0 0
0 8388376 0 0 16 -12628368 0 0 0
0 8388379 0 0 16 -12634658 0 0 0
0 8388382 0 0 16 -12640949 0 0 0
0 8388382 0 0 16 -12647240 0 0 0
0 8388385 0 0 16 -12653529 0 0 0
0 8388376 0 0 16 -12659820 0 0 0
0 8388376 0 0 16 -12666111 0 0 0
0 8388382 0 0 16 -12672402 0 0 0
0 8388380 0 0 16 -12678692 0 0 0
0 8388380 0 0 16 -12684981 0 0 0
0 8388393 0 0 16 -12691271 0 0 0
0 8388379 0 0 16 -12697562 0 0 0
0 8388370 0 0 16 -12703852 0 0 0
0 8388368 0 0 16 -12710143 0 0 0
0 8388370 0 0 16 -12716433 0 0 0
0 8388377 0 0 16 -12722724 0 0 0
0 8388375 0 0 16 -12729013 0 0 0
0 8388357 0 0 16 -12735303 0 0 0
0 8388386 0 0 16 -12741594 0 0 0
0 8388379 0 0 16 -12747884 0 0 0
0 8388392 0 0 16 -12754174 0 0 0
0 8388375 0 0 16 -12760465 0 0 0
0 8388383 0 0 16 -12766755 0 0 0
0 8388384 0 0 16 -12773045 0 0 0
0 8388365 0 0 16 -12779335 0 0 0
0 8388360 0 0 16 -12785625 0 0 0
0 8388373 0 0 16 -12791915 0 0 0
0 8388358 0 0 16 -12798206 0 0 0
0 8388364 0 0 16 -12804498 0 0 0
0 8388401 0 0 16 -12810787 0 0 0
0 8388377 0 0 16 -12817077 0 0 0
0 8388389 0 0 16 -12823367 0 0 0
0 8388385 0 0 16 -12829658 0 0 0
0 8388374 0 0 16 -12835948 0 0 0
0 8388366 0 0 16 -12842238 0 0 0
0 8388369 0 0 16 -12848528 0 0 0
0 8388371 0 0 16 -12854819 0 0 0
0 8388368 0 0 16 -12861110 0 0 0
0 8388371 0 0 16 -12867400 0 0 0
0 8388376 0 0 16 -12873690 0 0 0
0 8388379 0 0 16 -12879980 0 0 0
0 8388383 0 0 16 -12886271 0 0 0
0 8388367 0 0 16 -12892561 0 0 0
0 8388382 0 0 16 -12898852 0 0 0
0 8388371 0 0 16 -12905142 0 0 0
0 8388385 0 0 16 -12911433 0 0 0
0 8388395 0 0 16 -12917724 0 0 0
0 8388388 0 0 16 -12924014 0 0 0
0 8388368 0 0 16 -12930304 0 0 0
0 8388376 0 0 16 -12936594 0 0 0
0 8388372 0 0 16 -12942884 0 0 0
0 8388377 0 0 16 -12949175 0 0 0
0 8388386 0 0 16 -12955465 0 0 0
0 8388377 0 0 16 -12961755 0 0 0
0 8388382 0 0 16 -12968046 0 0 0
0 8388371 0 0 16 -12974335 0 0 0
0 8388385 0 0 16 -12980626 0 0 0
0 8388390 0 0 16 -12986915 0 0 0
0 8388377 0 0 16 -12993206 0 0 0
0 8388408 0 0 16 -12999497 0 0 0
0 8388381 0 0 16 -13005787 0 0 0
0 8388388 0 0 16 -13012078 0 0 0
0 8388374 0 0 16 -13018368 0 0 0
0 8388386 0 0 16 -13024657 0 0 0
0 8388383 0 0 16 -13030948 0 0 0
0 8388385 0 0 16 -13037238 0 0 0
0 8388380 0 0 16 -13043528 0 0 0
0 8388393 0 0 16 -13049819 0 0 0
0 8388387 0 0 16 -13056110 0 0 0
0 8388391 0 0 16 -13062400 0 0 0
0 8388383 0 0 16 -13068690 0 0 0
0 8388389 0 0 16 -13074980 0 0 0
0 8388388 0 0 16 -13081270 0 0 0
0 8388389 0 0 16 -13087561 0 0 0
0 8388383 0 0 16 -13093851 0 0 0
0 8388385 0 0 16 -13100142 0 0 0
0 8388373 0 0 16 -13106432 0 0 0
0 8388381 0 0 16 -13112722 0 0 0
0 8388390 0 0 16 -13119012 0 0 0
0 8388381 0 0 16 -13125302 0 0 0
0 8388395 0 0 16 -13131593 0 0 0
0 8388380 0 0 16 -13137883 0 0 0
0 8388395 0 0 16 -13144174 0 0 0
0 8388384 0 0 16 -13150464 0 0 0
0 8388384 0 0 16 -13156755 0 0 0
0 8388376 0 0 16 -13163044 0 0 0
0 8388374 0 0 16 -13169335 0 0 0
0 8388379 0 0 16 -13175626 0 0 0
0 8388373 0 0 16 -13181916 0 0 0
0 8388382 0 0 16 -13188207 0 0 0
0 8388394 0 0 16 -13194498 0 0 0
0 8388380 0 0 16 -13200787 0 0 0
0 8388399 0 0 16 -13207078 0 0 0
0 8388374 0 0 16 -13213367 0 0 0
0 8388376 0 0 16 -13219658 0 0 0
0 8388372 0 0 16 -13225948 0 0 0
0 8388376 0 0 16 -13232238 0 0 0
0 8388366 0 0 16 -13238528 0 0 0
0 8388362 0 0 16 -13244819 0 0 0
0 8388379 0 0 16 -13251109 0 0 0
0 8388380 0 0 16 -13257400 0 0 0
0 8388397 0 0 16 -13263690 0 0 0
0 8388387 0 0 16 -13269979 0 0 0
0 8388387 0 0 16 -13276270 0 0 0
0 8388378 0 0 16 -13282560 0 0 0
0 8388391 0 0 16 -13288850 0 0 0
0 8388380 0 0 16 -13295141 0 0 0
0 8388382 0 0 16 -13301431 0 0 0
0 8388390 0 0 16 -13307722 0 0 0
0 8388367 0 0 16 -13314012 0 0 0
0 8388375 0 0 16 -13320302 0 0 0
0 8388379 0 0 16 -13326592 0 0 0
0 8388404 0 0 16 -13332883 0 0 0
0 8388386 0 0 16 -13339173 0 0 0
0 8388372 0 0 16 -13345464 0 0 0
0 8388375 0 0 16 -13351754 0 0 0
0 8388374 0 0 16 -13358044 0 0 0
0 8388362 0 0 16 -13364334 0 0 0
0 8388373 0 0 16 -13370624 0 0 0
0 8388373 0 0 16 -13376915 0 0 0
0 8388371 0 0 16 -13383205 0 0 0
0 8388381 0 0 16 -13389495 0 0 0
0 8388376 0 0 16 -13395787 0 0 0
0 8388391 0 0 16 -13402077 0 0 0
0 8388393 0 0 16 -13408367 0 0 0
0 8388366 0 0 16 -13414657 0 0 0
0 8388382 0 0 16 -13420947 0 0 0
0 8388366 0 0 16 -13427239 0 0 0
0 8388373 0 0 16 -13433529 0 0 0
0 8388380 0 0 16 -13439819 0 0 0
0 8388382 0 0 16 -13446109 0 0 0
0 8388379 0 0 16 -13452400 0 0 0
0 8388362 0 0 16 -13458689 0 0 0
0 8388365 0 0 16 -13464980 0 0 0
0 8388342 0 0 16 -13471270 0 0 0
0 8388373 0 0 16 -13477561 0 0 0
0 8388380 0 0 16 -13483851 0 0 0
0 8388372 0 0 16 -13490142 0 0 0
0 8388382 0 0 16 -13496432 0 0 0
0 8388371 0 0 16 -13502722 0 0 0
0 8388375 0 0 16 -13509012 0 0 0
0 8388378 0 0 16 -13515302 0 0 0
0 8388371 0 0 16 -13521592 0 0 0
0 8388374 0 0 16 -13527883 0 0 0
0 8388400 0 0 16 -13534172 0 0 0
0 8388391 0 0 16 -13540463 0 0 0
0 8388386 0 0 16 -13546754 0 0 0
0 8388366 0 0 16 -13553044 0 0 0
0 8388382 0 0 16 -13559334 0 0 0
0 8388378 0 0 16 -13565624 0 0 0
0 8388366 0 0 16 -13571914 0 0 0
0 8388366 0 0 16 -13578205 0 0 0
0 8388377 0 0 16 -13584495 0 0 0
0 8388354 0 0 16 -13590786 0 0 0
0 8388376 0 0 16 -13597076 0 0 0
0 8388375 0 0 16 -13603366 0 0 0
0 8388371 0 0 16 -13609656 0 0 0
0 8388375 0 0 16 -13615947 0 0 0
0 8388394 0 0 16 -13622237 0 0 0
0 8388371 0 0 16 -13628527 0 0 0
0 8388386 0 0 16 -13634818 0 0 0
0 8388358 0 0 16 -13641109 0 0 0
0 8388379 0 0 16 -13647399 0 0 0
0 8388376 0 0 16 -13653689 0 0 0
0 8388374 0 0 16 -13659979 0 0 0
0 8388388 0 0 16 -13666269 0 0 0
0 8388386 0 0 16 -13672560 0 0 0
0 8388390 0 0 16 -13678850 0 0 0
0 8388384 0 0 16 -13685142 0 0 0
0 8388381 0 0 16 -13691433 0 0 0
0 8388381 0 0 16 -13697722 0 0 0
0 8388402 0 0 16 -13704012 0 0 0
0 8388382 0 0 16 -13710302 0 0 0
0 8388389 0 0 16 -13716592 0 0 0
0 8388400 0 0 16 -13722882 0 0 0
0 8388357 0 0 16 -13729173 0 0 0
0 8388382 0 0 16 -13735464 0 0 0
0 8388401 0 0 16 -13741754 0 0 0
0 8388378 0 0 16 -13748044 0 0 0
0 8388382 0 0 16 -13754334 0 0 0
0 8388391 0 0 16 -13760624 0 0 0
0 8388395 0 0 16 -13766914 0 0 0
0 8388372 0 0 16 -13773205 0 0 0
0 8388381 0 0 16 -13779497 0 0 0
0 8388373 0 0 16 -13785785 0 0 0
0 8388396 0 0 16 -13792076 0 0 0
0 8388378 0 0 16 -13798365 0 0 0
0 8388406 0 0 16 -13804656 0 0 0
0 8388425 0 0 16 -13810946 0 0 0
0 8388412 0 0 16 -13817236 0 0 0
0 8388425 0 0 16 -13823527 0 0 0
0 8388406 0 0 16 -13829818 0 0 0
0 8388408 0 0 16 -13836108 0 0 0
0 8388403 0 0 16 -13842398 0 0 0
0 8388401 0 0 16 -13848688 0 0 0
0 8388384 0 0 16 -13854978 0 0 0
0 8388379 0 0 16 -13861269 0 0 0
0 8388376 0 0 16 -13867559 0 0 0
0 8388378 0 0 16 -13873850 0 0 0
0 8388382 0 0 16 -13880140 0 0 0
0 8388362 0 0 16 -13886431 0 0 0
0 8388397 0 0 16 -13892722 0 0 0
0 8388372 0 0 16 -13899011 0 0 0
0 8388377 0 0 16 -13905301 0 0 0
0 8388382 0 0 16 -13911592 0 0 0
0 8388391 0 0 16 -13917881 0 0 0
0 8388396 0 0 16 -13924172 0 0 0
0 8388399 0 0 16 -13930464 0 0 0
0 8388396 0 0 16 -13936755 0 0 0
0 8388384 0 0 16 -13943045 0 0 0
0 8388399 0 0 16 -13949334 0 0 0
0 8388382 0 0 16 -13955624 0 0 0
0 8388373 0 0 16 -13961915 0 0 0
0 8388380 0 0 16 -13968205 0 0 0
0 8388379 0 0 16 -13974494 0 0 0
0 8388392 0 0 16 -13980786 0 0 0
0 8388393 0 0 16 -13987076 0 0 0
0 8388390 0 0 16 -13993366 0 0 0
0 8388370 0 0 16 -13999656 0 0 0
0 8388384 0 0 16 -14005947 0 0 0
0 8388386 0 0 16 -14012237 0 0 0
0 8388382 0 0 16 -14018526 0 0 0
0 8388393 0 0 16 -14024818 0 0 0
0 8388374 0 0 16 -14031108 0 0 0
0 8388374 0 0 16 -14037399 0 0 0
0 8388388 0 0 16 -14043688 0 0 0
0 8388382 0 0 16 -14049978 0 0 0
0 8388402 0 0 16 -14056268 0 0 0
0 8388373 0 0 16 -14062559 0 0 0
0 8388371 0 0 16 -14068849 0 0 0
0 8388378 0 0 16 -14075140 0 0 0
0 8388369 0 0 16 -14081430 0 0 0
0 8388362 0 0 16 -14087721 0 0 0
0 8388368 0 0 16 -14094010 0 0 0
0 8388379 0 0 16 -14100301 0 0 0
0 8388385 0 0 16 -14106591 0 0 0
0 8388385 0 0 16 -14112881 0 0 0
0 8388376 0 0 16 -14119172 0 0 0
0 8388357 0 0 16 -14125463 0 0 0
0 8388372 0 0 16 -14131753 0 0 0
0 8388359 0 0 16 -14138043 0 0 0
0 8388372 0 0 16 -14144333 0 0 0
0 8388386 0 0 16 -14150624 0 0 0
0 8388384 0 0 16 -14156914 0 0 0
0 8388375 0 0 16 -14163205 0 0 0
0 8388355 0 0 16 -14169495 0 0 0
0 8388379 0 0 16 -14175785 0 0 0
0 8388367 0 0 16 -14182075 0 0 0
0 8388372 0 0 16 -14188367 0 0 0
0 8388368 0 0 16 -14194657 0 0 0
0 8388374 0 0 16 -14200947 0 0 0
0 8388381 0 0 16 -14207236 0 0 0
0 8388392 0 0 16 -14213527 0 0 0
0 8388383 0 0 16 -14219818 0 0 0
0 8388370 0 0 16 -14226108 0 0 0
0 8388364 0 0 16 -14232398 0 0 0
0 8388374 0 0 16 -14238688 0 0 0
0 8388364 0 0 16 -14244978 0 0 0
0 8388385 0 0 16 -14251269 0 0 0
0 8388396 0 0 16 -14257560 0 0 0
0 8388394 0 0 16 -14263849 0 0 0
0 8388396 0 0 16 -14270140 0 0 0
0 8388385 0 0 16 -14276431 0 0 0
0 8388373 0 0 16 -14282720 0 0 0
0 8388375 0 0 16 -14289010 0 0 0
0 8388377 0 0 16 -14295300 0 0 0
0 8388369 0 0 16 -14301590 0 0 0
0 8388372 0 0 16 -14307881 0 0 0
0 8388374 0 0 16 -14314171 0 0 0
0 8388365 0 0 16 -14320462 0 0 0
0 8388391 0 0 16 -14326752 0 0 0
0 8388394 0 0 16 -14333043 0 0 0
0 8388375 0 0 16 -14339333 0 0 0
0 8388379 0 0 16 -14345623 0 0 0
0 8388389 0 0 16 -14351913 0 0 0
0 8388395 0 0 16 -14358203 0 0 0
0 8388381 0 0 16 -14364493 0 0 0
0 8388389 0 0 16 -14370784 0 0 0
0 8388397 0 0 16 -14377075 0 0 0
0 8388387 0 0 16 -14383365 0 0 0
0 8388373 0 0 16 -14389655 0 0 0
0 8388409 0 0 16 -14395945 0 0 0
0 8388397 0 0 16 -14402236 0 0 0
0 8388387 0 0 16 -14408526 0 0 0
0 8388410 0 0 16 -14414817 0 0 0
0 8388413 0 0 16 -14421107 0 0 0
0 8388390 0 0 16 -14427398 0 0 0
0 8388393 0 0 16 -14433688 0 0 0
0 8388383 0 0 16 -14439979 0 0 0
0 8388406 0 0 16 -14446269 0 0 0
0 8388392 0 0 16 -14452560 0 0 0
0 8388382 0 0 16 -14458849 0 0 0
0 8388385 0 0 16 -14465140 0 0 0
0 8388409 0 0 16 -14471431 0 0 0
0 8388410 0 0 16 -14477721 0 0 0
0 8388419 0 0 16 -14484011 0 0 0
0 8388425 0 0 16 -14490301 0 0 0
0 8388427 0 0 16 -14496591 0 0 0
0 8388429 0 0 16 -14502881 0 0 0
0 8388411 0 0 16 -14509171 0 0 0
0 8388413 0 0 16 -14515462 0 0 0
0 8388426 0 0 16 -14521753 0 0 0
0 8388405 0 0 16 -14528043 0 0 0
0 8388404 0 0 16 -14534332 0 0 0
0 8388388 0 0 16 -14540623 0 0 0
0 8388397 0 0 16 -14546913 0 0 0
0 8388377 0 0 16 -14553203 0 0 0
0 8388389 0 0 16 -14559493 0 0 0
0 8388352 0 0 16 -14565784 0 0 0
0 8388374 0 0 16 -14572075 0 0 0
0 8388401 0 0 16 -14578364 0 0 0
0 8388379 0 0 16 -14584655 0 0 0
0 8388382 0 0 16 -14590945 0 0 0
0 8388394 0 0 16 -14597236 0 0 0
0 8388372 0 0 16 -14603526 0 0 0
0 8388382 0 0 16 -14609817 0 0 0
0 8388374 0 0 16 -14616107 0 0 0
0 8388387 0 0 16 -14622398 0 0 0
0 8388367 0 0 16 -14628687 0 0 0
0 8388378 0 0 16 -14634977 0 0 0
0 8388366 0 0 16 -14641267 0 0 0
0 8388364 0 0 16 -14647558 0 0 0
0 8388390 0 0 16 -14653849 0 0 0
0 8388386 0 0 16 -14660140 0 0 0
0 8388377 0 0 16 -14666430 0 0 0
0 8388362 0 0 16 -14672720 0 0 0
0 8388388 0 0 16 -14679010 0 0 0
0 8388371 0 0 16 -14685300 0 0 0
0 8388395 0 0 16 -14691592 0 0 0
0 8388380 0 0 16 -14697882 0 0 0
0 8388370 0 0 16 -14704172 0 0 0
0 8388377 0 0 16 -14710463 0 0 0
0 8388378 0 0 16 -14716752 0 0 0
0 8388397 0 0 16 -14723043 0 0 0
0 8388380 0 0 16 -14729332 0 0 0
0 8388371 0 0 16 -14735623 0 0 0
0 8388392 0 0 16 -14741913 0 0 0
0 8388378 0 0 16 -14748203 0 0 0
0 8388377 0 0 16 -14754493 0 0 0
0 8388380 0 0 16 -14760784 0 0 0
0 8388373 0 0 16 -14767075 0 0 0
0 8388393 0 0 16 -14773365 0 0 0
0 8388410 0 0 16 -14779655 0 0 0
0 8388365 0 0 16 -14785945 0 0 0
0 8388367 0 0 16 -14792236 0 0 0
0 8388370 0 0 16 -14798525 0 0 0
0 8388369 0 0 16 -14804816 0 0 0
0 8388366 0 0 16 -14811106 0 0 0
0 8388373 0 0 16 -14817397 0 0 0
0 8388356 0 0 16 -14823686 0 0 0
0 8388365 0 0 16 -14829977 0 0 0
0 8388397 0 0 16 -14836267 0 0 0
0 8388387 0 0 16 -14842557 0 0 0
0 8388376 0 0 16 -14848848 0 0 0
0 8388383 0 0 16 -14855139 0 0 0
0 8388378 0 0 16 -14861429 0 0 0
0 8388373 0 0 16 -14867720 0 0 0
0 8388378 0 0 16 -14874009 0 0 0
0 8388380 0 0 16 -14880300 0 0 0
0 8388390 0 0 16 -14886590 0 0 0
0 8388376 0 0 16 -14892880 0 0 0
0 8388374 0 0 16 -14899170 0 0 0
0 8388388 0 0 16 -14905462 0 0 0
0 8388386 0 0 16 -14911751 0 0 0
0 8388382 0 0 16 -14918042 0 0 0
0 8388372 0 0 16 -14924332 0 0 0
0 8388380 0 0 16 -14930622 0 0 0
0 8388378 0 0 16 -14936912 0 0 0
0 8388384 0 0 16 -14943203 0 0 0
0 8388368 0 0 16 -14949494 0 0 0
0 8388375 0 0 16 -14955786 0 0 0
0 8388386 0 0 16 -14962074 0 0 0
0 8388384 0 0 16 -14968364 0 0 0
0 8388384 0 0 16 -14974655 0 0 0
0 8388352 0 0 16 -14980945 0 0 0
0 8388384 0 0 16 -14987235 0 0 0
0 8388396 0 0 16 -14993526 0 0 0
0 8388387 0 0 16 -14999817 0 0 0
0 8388369 0 0 16 -15006107 0 0 0
0 8388381 0 0 16 -15012397 0 0 0
0 8388386 0 0 16 -15018687 0 0 0
0 8388381 0 0 16 -15024977 0 0 0
0 8388380 0 0 16 -15031267 0 0 0
0 8388393 0 0 16 -15037558 0 0 0
0 8388387 0 0 16 -15043849 0 0 0
0 8388391 0 0 16 -15050139 0 0 0
0 8388380 0 0 16 -15056429 0 0 0
0 8388391 0 0 16 -15062719 0 0 0
0 8388389 0 0 16 -15069009 0 0 0
0 8388395 0 0 16 -15075299 0 0 0
0 8388381 0 0 16 -15081589 0 0 0
0 8388363 0 0 16 -15087880 0 0 0
0 8388377 0 0 16 -15094170 0 0 0
0 8388378 0 0 16 -15100461 0 0 0
0 8388389 0 0 16 -15106751 0 0 0
0 8388381 0 0 16 -15113042 0 0 0
0 8388390 0 0 16 -15119331 0 0 0
0 8388364 0 0 16 -15125621 0 0 0
0 8388368 0 0 16 -15131912 0 0 0
0 8388363 0 0 16 -15138202 0 0 0
0 8388386 0 0 16 -15144492 0 0 0
0 8388378 0 0 16 -15150783 0 0 0
0 8388394 0 0 16 -15157074 0 0 0
0 8388367 0 0 16 -15163364 0 0 0
0 8388391 0 0 16 -15169654 0 0 0
0 8388397 0 0 16 -15175945 0 0 0
0 8388390 0 0 16 -15182234 0 0 0
0 8388403 0 0 16 -15188525 0 0 0
0 8388401 0 0 16 -15194816 0 0 0
0 8388390 0 0 16 -15201108 0 0 0
0 8388367 0 0 16 -15207398 0 0 0
0 8388379 0 0 16 -15213687 0 0 0
0 8388369 0 0 16 -15219977 0 0 0
0 8388389 0 0 16 -15226267 0 0 0
0 8388372 0 0 16 -15232558 0 0 0
0 8388392 0 0 16 -15238848 0 0 0
0 8388380 0 0 16 -15245139 0 0 0
0 8388396 0 0 16 -15251429 0 0 0
0 8388396 0 0 16 -15257720 0 0 0
0 8388400 0 0 16 -15264009 0 0 0
0 8388388 0 0 16 -15270300 0 0 0
0 8388393 0 0 16 -15276589 0 0 0
0 8388384 0 0 16 -15282880 0 0 0
0 8388383 0 0 16 -15289171 0 0 0
0 8388380 0 0 16 -15295460 0 0 0
0 8388373 0 0 16 -15301751 0 0 0
0 8388376 0 0 16 -15308041 0 0 0
0 8388394 0 0 16 -15314331 0 0 0
0 8388386 0 0 16 -15320621 0 0 0
0 8388396 0 0 16 -15326911 0 0 0
0 8388400 0 0 16 -15333202 0 0 0
0 8388376 0 0 16 -15339492 0 0 0
0 8388371 0 0 16 -15345783 0 0 0
0 8388391 0 0 16 -15352073 0 0 0
0 8388365 0 0 16 -15358363 0 0 0
0 8388399 0 0 16 -15364653 0 0 0
0 8388370 0 0 16 -15370944 0 0 0
0 8388383 0 0 16 -15377234 0 0 0
0 8388375 0 0 16 -15383524 0 0 0
0 8388375 0 0 16 -15389815 0 0 0
0 8388369 0 0 16 -15396105 0 0 0
0 8388357 0 0 16 -15402396 0 0 0
0 8388399 0 0 16 -15408685 0 0 0
0 8388402 0 0 16 -15414976 0 0 0
0 8388401 0 0 16 -15421266 0 0 0
0 8388382 0 0 16 -15427557 0 0 0
0 8388378 0 0 16 -15433847 0 0 0
0 8388382 0 0 16 -15440138 0 0 0
0 8388394 0 0 16 -15446428 0 0 0
0 8388375 0 0 16 -15452720 0 0 0
0 8388383 0 0 16 -15459009 0 0 0
0 8388358 0 0 16 -15465300 0 0 0
0 8388385 0 0 16 -15471589 0 0 0
0 8388375 0 0 16 -15477880 0 0 0
0 8388362 0 0 16 -15484170 0 0 0
0 8388384 0 0 16 -15490461 0 0 0
0 8388373 0 0 16 -15496751 0 0 0
0 8388365 0 0 16 -15503041 0 0 0
0 8388383 0 0 16 -15509331 0 0 0
0 8388390 0 0 16 -15515621 0 0 0
0 8388370 0 0 16 -15521911 0 0 0
0 8388371 0 0 16 -15528202 0 0 0
0 8388370 0 0 16 -15534492 0 0 0
0 8388373 0 0 16 -15540783 0 0 0
0 8388377 0 0 16 -15547073 0 0 0
0 8388380 0 0 16 -15553363 0 0 0
0 8388377 0 0 16 -15559653 0 0 0
0 8388384 0 0 16 -15565944 0 0 0
0 8388391 0 0 16 -15572234 0 0 0
0 8388379 0 0 16 -15578524 0 0 0
0 8388381 0 0 16 -15584815 0 0 0
0 8388386 0 0 16 -15591105 0 0 0
0 8388381 0 0 16 -15597396 0 0 0
0 8388384 0 0 16 -15603685 0 0 0
0 8388382 0 0 16 -15609976 0 0 0
0 8388370 0 0 16 -15616266 0 0 0
0 8388389 0 0 16 -15622556 0 0 0
0 8388373 0 0 16 -15628847 0 0 0
0 8388381 0 0 16 -15635138 0 0 0
0 8388380 0 0 16 -15641428 0 0 0
0 8388377 0 0 16 -15647718 0 0 0
0 8388396 0 0 16 -15654008 0 0 0
0 8388401 0 0 16 -15660298 0 0 0
0 8388396 0 0 16 -15666588 0 0 0
0 8388386 0 0 16 -15672879 0 0 0
0 8388386 0 0 16 -15679169 0 0 0
0 8388390 0 0 16 -15685460 0 0 0
0 8388363 0 0 16 -15691751 0 0 0
0 8388373 0 0 16 -15698041 0 0 0
0 8388384 0 0 16 -15704330 0 0 0
0 8388394 0 0 16 -15710622 0 0 0
0 8388395 0 0 16 -15716912 0 0 0
0 8388375 0 0 16 -15723202 0 0 0
0 8388398 0 0 16 -15729492 0 0 0
0 8388379 0 0 16 -15735783 0 0 0
0 8388375 0 0 16 -15742073 0 0 0
0 8388380 0 0 16 -15748363 0 0 0
0 8388388 0 0 16 -15754653 0 0 0
0 8388385 0 0 16 -15760944 0 0 0
0 8388386 0 0 16 -15767234 0 0 0
0 8388389 0 0 16 -15773524 0 0 0
0 8388393 0 0 16 -15779815 0 0 0
0 8388381 0 0 16 -15786106 0 0 0
0 8388401 0 0 16 -15792395 0 0 0
0 8388396 0 0 16 -15798686 0 0 0
0 8388396 0 0 16 -15804976 0 0 0
0 8388377 0 0 16 -15811266 0 0 0
0 8388389 0 0 16 -15817556 0 0 0
0 8388393 0 0 16 -15823846 0 0 0
0 8388387 0 0 16 -15830137 0 0 0
0 8388380 0 0 16 -15836428 0 0 0
0 8388381 0 0 16 -15842718 0 0 0
0 8388389 0 0 16 -15849008 0 0 0
0 8388389 0 0 16 -15855298 0 0 0
0 8388374 0 0 16 -15861588 0 0 0
0 8388401 0 0 16 -15867879 0 0 0
0 8388372 0 0 16 -15874169 0 0 0
0 8388373 0 0 16 -15880460 0 0 0
0 8388390 0 0 16 -15886750 0 0 0
0 8388400 0 0 16 -15893040 0 0 0
0 8388380 0 0 16 -15899330 0 0 0
0 8388381 0 0 16 -15905620 0 0 0
0 8388400 0 0 16 -15911910 0 0 0
0 8388380 0 0 16 -15918201 0 0 0
0 8388393 0 0 16 -15924492 0 0 0
0 8388377 0 0 16 -15930783 0 0 0
0 8388370 0 0 16 -15937073 0 0 0
0 8388376 0 0 16 -15943362 0 0 0
0 8388387 0 0 16 -15949653 0 0 0
0 8388387 0 0 16 -15955943 0 0 0
0 8388376 0 0 16 -15962235 0 0 0
0 8388374 0 0 16 -15968525 0 0 0
0 8388381 0 0 16 -15974815 0 0 0
0 8388376 0 0 16 -15981106 0 0 0
0 8388369 0 0 16 -15987395 0 0 0
0 8388380 0 0 16 -15993685 0 0 0
0 8388389 0 0 16 -15999976 0 0 0
0 8388388 0 0 16 -16006266 0 0 0
0 8388390 0 0 16 -16012556 0 0 0
0 8388369 0 0 16 -16018847 0 0 0
0 8388374 0 0 16 -16025137 0 0 0
0 8388365 0 0 16 -16031428 0 0 0
0 8388371 0 0 16 -16037717 0 0 0
0 8388373 0 0 16 -16044007 0 0 0
0 8388401 0 0 16 -16050298 0 0 0
0 8388396 0 0 16 -16056588 0 0 0
0 8388385 0 0 16 -16062878 0 0 0
0 8388374 0 0 16 -16069169 0 0 0
0 8388372 0 0 16 -16075459 0 0 0
0 8388395 0 0 16 -16081750 0 0 0
0 8388377 0 0 16 -16088040 0 0 0
0 8388349 0 0 16 -16094330 0 0 0
0 8388363 0 0 16 -16100620 0 0 0
0 8388396 0 0 16 -16106911 0 0 0
0 8388374 0 0 16 -16113200 0 0 0
0 8388383 0 0 16 -16119490 0 0 0
0 8388373 0 0 16 -16125781 0 0 0
0 8388366 0 0 16 -16132072 0 0 0
0 8388373 0 0 16 -16138362 0 0 0
0 8388403 0 0 16 -16144652 0 0 0
0 8388396 0 0 16 -16150942 0 0 0
0 8388388 0 0 16 -16157232 0 0 0
0 8388387 0 0 16 -16163523 0 0 0
0 8388374 0 0 16 -16169815 0 0 0
0 8388375 0 0 16 -16176105 0 0 0
0 8388369 0 0 16 -16182395 0 0 0
0 8388376 0 0 16 -16188685 0 0 0
0 8388389 0 0 16 -16194975 0 0 0
0 8388376 0 0 16 -16201265 0 0 0
0 8388363 0 0 16 -16207555 0 0 0
0 8388370 0 0 16 -16213847 0 0 0
0 8388386 0 0 16 -16220138 0 0 0
0 8388371 0 0 16 -16226427 0 0 0
0 8388369 0 0 16 -16232718 0 0 0
0 8388380 0 0 16 -16239007 0 0 0
0 8388380 0 0 16 -16245298 0 0 0
0 8388380 0 0 16 -16251588 0 0 0
0 8388386 0 0 16 -16257878 0 0 0
0 8388383 0 0 16 -16264169 0 0 0
0 8388377 0 0 16 -16270460 0 0 0
0 8388373 0 0 16 -16276750 0 0 0
0 8388393 0 0 16 -16283040 0 0 0
0 8388378 0 0 16 -16289329 0 0 0
0 8388372 0 0 16 -16295620 0 0 0
0 8388372 0 0 16 -16301911 0 0 0
0 8388369 0 0 16 -16308200 0 0 0
0 8388365 0 0 16 -16314491 0 0 0
0 8388368 0 0 16 -16320782 0 0 0
0 8388368 0 0 16 -16327072 0 0 0
0 8388392 0 0 16 -16333362 0 0 0
0 8388371 0 0 16 -16339652 0 0 0
0 8388376 0 0 16 -16345942 0 0 0
0 8388384 0 0 16 -16352233 0 0 0
0 8388386 0 0 16 -16358523 0 0 0
0 8388407 0 0 16 -16364814 0 0 0
0 8388390 0 0 16 -16371104 0 0 0
0 8388388 0 0 16 -16377394 0 0 0
0 8388375 0 0 16 -16383684 0 0 0
0 8388356 0 0 16 -16389974 0 0 0
0 8388380 0 0 16 -16396265 0 0 0
0 8388375 0 0 16 -16402555 0 0 0
0 8388381 0 0 16 -16408845 0 0 0
0 8388378 0 0 16 -16415136 0 0 0
0 8388384 0 0 16 -16421427 0 0 0
0 8388396 0 0 16 -16427718 0 0 0
0 8388360 0 0 16 -16434006 0 0 0
0 8388364 0 0 16 -16440297 0 0 0
0 8388378 0 0 16 -16446588 0 0 0
0 8388400 0 0 16 -16452878 0 0 0
0 8388361 0 0 16 -16459168 0 0 0
0 8388383 0 0 16 -16465460 0 0 0
0 8388376 0 0 16 -16471751 0 0 0
0 8388381 0 0 16 -16478040 0 0 0
0 8388396 0 0 16 -16484330 0 0 0
0 8388389 0 0 16 -16490620 0 0 0
0 8388375 0 0 16 -16496910 0 0 0
0 8388364 0 0 16 -16503201 0 0 0
0 8388390 0 0 16 -16509491 0 0 0
0 8388389 0 0 16 -16515782 0 0 0
0 8388394 0 0 16 -16522072 0 0 0
0 8388383 0 0 16 -16528362 0 0 0
0 8388387 0 0 16 -16534652 0 0 0
0 8388364 0 0 16 -16540942 0 0 0
0 8388373 0 0 16 -16547233 0 0 0
0 8388374 0 0 16 -16553523 0 0 0
0 8388382 0 0 16 -16559814 0 0 0
0 8388379 0 0 16 -16566105 0 0 0
0 8388382 0 0 16 -16572394 0 0 0
0 8388378 0 0 16 -16578684 0 0 0
0 8388392 0 0 16 -16584974 0 0 0
0 8388394 0 0 16 -16591264 0 0 0
0 8388383 0 0 16 -16597555 0 0 0
0 8388404 0 0 16 -16603845 0 0 0
0 8388399 0 0 16 -16610136 0 0 0
0 8388397 0 0 16 -16616426 0 0 0
0 8388361 0 0 16 -16622717 0 0 0
0 8388360 0 0 16 -16629006 0 0 0
0 8388379 0 0 16 -16635297 0 0 0
0 8388388 0 0 16 -16641587 0 0 0
0 8388373 0 0 16 -16647877 0 0 0
0 8388392 0 0 16 -16654168 0 0 0
0 8388383 0 0 16 -16660458 0 0 0
0 8388399 0 0 16 -16666749 0 0 0
0 8388371 0 0 16 -16673039 0 0 0
0 8388363 0 0 16 -16679330 0 0 0
0 8388382 0 0 16 -16685619 0 0 0
0 8388382 0 0 16 -16691910 0 0 0
0 8388383 0 0 16 -16698200 0 0 0
0 8388366 0 0 16 -16704491 0 0 0
0 8388357 0 0 16 -16710781 0 0 0
0 8388364 0 0 16 -16717073 0 0 0
0 8388388 0 0 16 -16723363 0 0 0
0 8388402 0 0 16 -16729653 0 0 0
0 8388388 0 0 16 -16735942 0 0 0
0 8388376 0 0 16 -16742233 0 0 0
0 8388372 0 0 16 -16748523 0 0 0
0 8388383 0 0 16 -16754814 0 0 0
0 8388383 0 0 16 -16761104 0 0 0
0 8388365 0 0 16 -16767395 0 0 0
0 8388401 0 0 16 -16773684 0 0 0
0 8388370 0 0 16 -16779975 0 0 0
0 8388369 0 0 16 -16786264 0 0 0
0 8388362 0 0 16 -16792555 0 0 0
0 8388381 0 0 16 -16798846 0 0 0
0 8388384 0 0 16 -16805135 0 0 0
0 8388379 0 0 16 -16811426 0 0 0
0 8388367 0 0 16 -16817717 0 0 0
0 8388387 0 0 16 -16824006 0 0 0
0 8388394 0 0 16 -16830296 0 0 0
0 8388368 0 0 16 -16836587 0 0 0
0 8388373 0 0 16 -16842877 0 0 0
0 8388405 0 0 16 -16849167 0 0 0
0 8388371 0 0 16 -16855458 0 0 0
0 8388389 0 0 16 -16861748 0 0 0
0 8388386 0 0 16 -16868039 0 0 0
0 8388382 0 0 16 -16874329 0 0 0
0 8388374 0 0 16 -16880619 0 0 0
0 8388389 0 0 16 -16886909 0 0 0
0 8388367 0 0 16 -16893199 0 0 0
0 8388371 0 0 16 -16899489 0 0 0
0 8388400 0 0 16 -16905781 0 0 0
0 8388376 0 0 16 -16912071 0 0 0
0 8388396 0 0 16 -16918361 0 0 0
0 8388372 0 0 16 -16924651 0 0 0
0 8388370 0 0 16 -16930941 0 0 0
0 8388346 0 0 16 -16937232 0 0 0
0 8388362 0 0 16 -16943523 0 0 0
0 8388395 0 0 16 -16949814 0 0 0
0 8388376 0 0 16 -16956104 0 0 0
0 8388379 0 0 16 -16962394 0 0 0
0 8388378 0 0 16 -16968683 0 0 0
0 8388366 0 0 16 -16974975 0 0 0
0 8388386 0 0 16 -16981265 0 0 0
0 8388379 0 0 16 -16987555 0 0 0
0 8388377 0 0 16 -16993845 0 0 0
0 8388379 0 0 16 -17000136 0 0 0
0 8388372 0 0 16 -17006426 0 0 0
0 8388372 0 0 16 -17012716 0 0 0
0 8388403 0 0 16 -17019007 0 0 0
0 8388384 0 0 16 -17025296 0 0 0
0 8388386 0 0 16 -17031587 0 0 0
0 8388372 0 0 16 -17037877 0 0 0
0 8388380 0 0 16 -17044167 0 0 0
0 8388375 0 0 16 -17050458 0 0 0
0 8388383 0 0 16 -17056748 0 0 0
0 8388369 0 0 16 -17063039 0 0 0
0 8388384 0 0 16 -17069329 0 0 0
0 8388351 0 0 16 -17075619 0 0 0
0 8388364 0 0 16 -17081909 0 0 0
0 8388372 0 0 16 -17088199 0 0 0
0 8388366 0 0 16 -17094489 0 0 0
0 8388370 0 0 16 -17100780 0 0 0
0 8388376 0 0 16 -17107070 0 0 0
0 8388366 0 0 16 -17113361 0 0 0
0 8388379 0 0 16 -17119650 0 0 0
0 8388401 0 0 16 -17125941 0 0 0
0 8388388 0 0 16 -17132231 0 0 0
0 8388375 0 0 16 -17138522 0 0 0
0 8388369 0 0 16 -17144812 0 0 0
0 8388376 0 0 16 -17151103 0 0 0
0 8388379 0 0 16 -17157393 0 0 0
0 8388375 0 0 16 -17163683 0 0 0
0 8388371 0 0 16 -17169973 0 0 0
0 8388382 0 0 16 -17176264 0 0 0
0 8388371 0 0 16 -17182554 0 0 0
0 8388367 0 0 16 -17188845 0 0 0
0 8388376 0 0 16 -17195136 0 0 0
0 8388392 0 0 16 -17201426 0 0 0
0 8388378 0 0 16 -17207716 0 0 0
0 8388400 0 0 16 -17214006 0 0 0
0 8388385 0 0 16 -17220296 0 0 0
0 8388404 0 0 16 -17226587 0 0 0
0 8388398 0 0 16 -17232878 0 0 0
0 8388393 0 0 16 -17239168 0 0 0
0 8388376 0 0 16 -17245458 0 0 0
0 8388377 0 0 16 -17251748 0 0 0
0 8388398 0 0 16 -17258039 0 0 0
0 8388403 0 0 16 -17264329 0 0 0
0 8388374 0 0 16 -17270619 0 0 0
0 8388379 0 0 16 -17276909 0 0 0
0 8388378 0 0 16 -17283200 0 0 0
0 8388379 0 0 16 -17289489 0 0 0
0 8388386 0 0 16 -17295781 0 0 0
0 8388377 0 0 16 -17302070 0 0 0
0 8388400 0 0 16 -17308360 0 0 0
0 8388406 0 0 16 -17314651 0 0 0
0 8388383 0 0 16 -17320940 0 0 0
0 8388373 0 0 16 -17327231 0 0 0
0 8388372 0 0 16 -17333521 0 0 0
0 8388382 0 0 16 -17339812 0 0 0
0 8388398 0 0 16 -17346102 0 0 0
0 8388393 0 0 16 -17352393 0 0 0
0 8388392 0 0 16 -17358683 0 0 0
0 8388380 0 0 16 -17364973 0 0 0
0 8388384 0 0 16 -17371263 0 0 0
0 8388383 0 0 16 -17377553 0 0 0
0 8388386 0 0 16 -17383844 0 0 0
0 8388381 0 0 16 -17390135 0 0 0
0 8388371 0 0 16 -17396425 0 0 0
0 8388373 0 0 16 -17402715 0 0 0
0 8388399 0 0 16 -17409005 0 0 0
0 8388390 0 0 16 -17415295 0 0 0
0 8388388 0 0 16 -17421586 0 0 0
0 8388392 0 0 16 -17427876 0 0 0
0 8388369 0 0 16 -17434166 0 0 0
0 8388380 0 0 16 -17440458 0 0 0
0 8388364 0 0 16 -17446748 0 0 0
0 8388357 0 0 16 -17453037 0 0 0
0 8388362 0 0 16 -17459328 0 0 0
0 8388356 0 0 16 -17465618 0 0 0
0 8388367 0 0 16 -17471909 0 0 0
0 8388367 0 0 16 -17478200 0 0 0
0 8388383 0 0 16 -17484490 0 0 0
0 8388394 0 0 16 -17490781 0 0 0
0 8388356 0 0 16 -17497070 0 0 0
0 8388379 0 0 16 -17503360 0 0 0
0 8388375 0 0 16 -17509651 0 0 0
0 8388372 0 0 16 -17515941 0 0 0
0 8388359 0 0 16 -17522231 0 0 0
0 8388386 0 0 16 -17528522 0 0 0
0 8388378 0 0 16 -17534813 0 0 0
0 8388393 0 0 16 -17541103 0 0 0
0 8388373 0 0 16 -17547393 0 0 0
0 8388352 0 0 16 -17553682 0 0 0
0 8388375 0 0 16 -17559973 0 0 0
0 8388363 0 0 16 -17566264 0 0 0
0 8388385 0 0 16 -17572554 0 0 0
0 8388362 0 0 16 -17578844 0 0 0
0 8388386 0 0 16 -17585134 0 0 0
0 8388385 0 0 16 -17591425 0 0 0
0 8388367 0 0 16 -17597715 0 0 0
0 8388374 0 0 16 -17604005 0 0 0
0 8388392 0 0 16 -17610295 0 0 0
0 8388366 0 0 16 -17616585 0 0 0
0 8388376 0 0 16 -17622876 0 0 0
0 8388381 0 0 16 -17629166 0 0 0
0 8388374 0 0 16 -17635457 0 0 0
0 8388378 0 0 16 -17641747 0 0 0
0 8388370 0 0 16 -17648038 0 0 0
0 8388376 0 0 16 -17654327 0 0 0
0 8388389 0 0 16 -17660618 0 0 0
0 8388385 0 0 16 -17666908 0 0 0
0 8388374 0 0 16 -17673198 0 0 0
0 8388384 0 0 16 -17679489 0 0 0
0 8388363 0 0 16 -17685780 0 0 0
0 8388375 0 0 16 -17692070 0 0 0
0 8388364 0 0 16 -17698360 0 0 0
0 8388366 0 0 16 -17704650 0 0 0
0 8388383 0 0 16 -17710940 0 0 0
0 8388381 0 0 16 -17717231 0 0 0
0 8388376 0 0 16 -17723520 0 0 0
0 8388378 0 0 16 -17729814 0 0 0
0 8388377 0 0 16 -17736103 0 0 0
0 8388368 0 0 16 -17742394 0 0 0
0 8388389 0 0 16 -17748682 0 0 0
0 8388392 0 0 16 -17754973 0 0 0
0 8388359 0 0 16 -17761263 0 0 0
0 8388376 0 0 16 -17767553 0 0 0
0 8388376 0 0 16 -17773844 0 0 0
0 8388360 0 0 16 -17780135 0 0 0
0 8388400 0 0 16 -17786425 0 0 0
0 8388377 0 0 16 -17792715 0 0 0
0 8388380 0 0 16 -17799004 0 0 0
0 8388375 0 0 16 -17805295 0 0 0
0 8388367 0 0 16 -17811586 0 0 0
0 8388373 0 0 16 -17817875 0 0 0
0 8388375 0 0 16 -17824166 0 0 0
0 8388384 0 0 16 -17830457 0 0 0
0 8388380 0 0 16 -17836747 0 0 0
0 8388377 0 0 16 -17843038 0 0 0
0 8388375 0 0 16 -17849327 0 0 0
0 8388366 0 0 16 -17855617 0 0 0
0 8388384 0 0 16 -17861908 0 0 0
0 8388372 0 0 16 -17868198 0 0 0
0 8388367 0 0 16 -17874488 0 0 0
0 8388381 0 0 16 -17880779 0 0 0
0 8388379 0 0 16 -17887069 0 0 0
0 8388382 0 0 16 -17893359 0 0 0
0 8388383 0 0 16 -17899649 0 0 0
0 8388380 0 0 16 -17905940 0 0 0
0 8388390 0 0 16 -17912230 0 0 0
0 8388400 0 0 16 -17918521 0 0 0
0 8388370 0 0 16 -17924812 0 0 0
0 8388371 0 0 16 -17931101 0 0 0
0 8388383 0 0 16 -17937392 0 0 0
0 8388395 0 0 16 -17943681 0 0 0
0 8388387 0 0 16 -17949973 0 0 0
0 8388384 0 0 16 -17956263 0 0 0
0 8388382 0 0 16 -17962553 0 0 0
0 8388386 0 0 16 -17968843 0 0 0
0 8388392 0 0 16 -17975134 0 0 0
0 8388371 0 0 16 -17981426 0 0 0
0 8388389 0 0 16 -17987716 0 0 0
0 8388383 0 0 16 -17994006 0 0 0
0 8388397 0 0 16 -18000296 0 0 0
0 8388398 0 0 16 -18006585 0 0 0
0 8388385 0 0 16 -18012876 0 0 0
0 8388395 0 0 16 -18019166 0 0 0
0 8388388 0 0 16 -18025457 0 0 0
0 8388380 0 0 16 -18031747 0 0 0
0 8388387 0 0 16 -18038038 0 0 0
0 8388394 0 0 16 -18044327 0 0 0
0 8388373 0 0 16 -18050617 0 0 0
0 8388390 0 0 16 -18056908 0 0 0
0 8388392 0 0 16 -18063198 0 0 0
0 8388382 0 0 16 -18069488 0 0 0
0 8388381 0 0 16 -18075780 0 0 0
0 8388389 0 0 16 -18082070 0 0 0
0 8388385 0 0 16 -18088359 0 0 0
0 8388388 0 0 16 -18094649 0 0 0
0 8388362 0 0 16 -18100939 0 0 0
0 8388382 0 0 16 -18107230 0 0 0
0 8388396 0 0 16 -18113520 0 0 0
0 8388373 0 0 16 -18119812 0 0 0
0 8388377 0 0 16 -18126101 0 0 0
0 8388372 0 0 16 -18132392 0 0 0
0 8388391 0 0 16 -18138681 0 0 0
0 8388361 0 0 16 -18144972 0 0 0
0 8388362 0 0 16 -18151262 0 0 0
0 8388379 0 0 16 -18157552 0 0 0
0 8388409 0 0 16 -18163843 0 0 0
0 8388374 0 0 16 -18170134 0 0 0
0 8388384 0 0 16 -18176424 0 0 0
0 8388391 0 0 16 -18182714 0 0 0
0 8388367 0 0 16 -18189004 0 0 0
0 8388375 0 0 16 -18195294 0 0 0
0 8388383 0 0 16 -18201585 0 0 0
0 8388391 0 0 16 -18207875 0 0 0
0 8388379 0 0 16 -18214166 0 0 0
0 8388377 0 0 16 -18220456 0 0 0
0 8388379 0 0 16 -18226747 0 0 0
0 8388370 0 0 16 -18233038 0 0 0
0 8388362 0 0 16 -18239328 0 0 0
0 8388382 0 0 16 -18245618 0 0 0
0 8388377 0 0 16 -18251908 0 0 0
0 8388376 0 0 16 -18258198 0 0 0
0 8388378 0 0 16 -18264488 0 0 0
0 8388384 0 0 16 -18270779 0 0 0
0 8388354 0 0 16 -18277069 0 0 0
0 8388377 0 0 16 -18283360 0 0 0
0 8388385 0 0 16 -18289649 0 0 0
0 8388350 0 0 16 -18295940 0 0 0
0 8388364 0 0 16 -18302230 0 0 0
0 8388374 0 0 16 -18308521 0 0 0
0 8388385 0 0 16 -18314812 0 0 0
0 8388369 0 0 16 -18321101 0 0 0
0 8388371 0 0 16 -18327392 0 0 0
0 8388364 0 0 16 -18333681 0 0 0
0 8388376 0 0 16 -18339972 0 0 0
0 8388380 0 0 16 -18346261 0 0 0
0 8388373 0 0 16 -18352552 0 0 0
0 8388379 0 0 16 -18358842 0 0 0
0 8388371 0 0 16 -18365133 0 0 0
0 8388356 0 0 16 -18371423 0 0 0
0 8388368 0 0 16 -18377714 0 0 0
0 8388376 0 0 16 -18384003 0 0 0
0 8388371 0 0 16 -18390294 0 0 0
0 8388367 0 0 16 -18396584 0 0 0
0 8388356 0 0 16 -18402875 0 0 0
0 8388365 0 0 16 -18409165 0 0 0
0 8388400 0 0 16 -18415456 0 0 0
0 8388383 0 0 16 -18421746 0 0 0
0 8388376 0 0 16 -18428036 0 0 0
0 8388386 0 0 16 -18434326 0 0 0
0 8388385 0 0 16 -18440616 0 0 0
0 8388381 0 0 16 -18446906 0 0 0
0 8388368 0 0 16 -18453197 0 0 0
0 8388373 0 0 16 -18459487 0 0 0
0 8388394 0 0 16 -18465779 0 0 0
0 8388378 0 0 16 -18472068 0 0 0
0 8388394 0 0 16 -18478359 0 0 0
0 8388393 0 0 16 -18484649 0 0 0
0 8388371 0 0 16 -18490940 0 0 0
0 8388376 0 0 16 -18497231 0 0 0
0 8388369 0 0 16 -18503521 0 0 0
0 8388378 0 0 16 -18509812 0 0 0
0 8388387 0 0 16 -18516101 0 0 0
0 8388376 0 0 16 -18522391 0 0 0
0 8388384 0 0 16 -18528681 0 0 0
0 8388383 0 0 16 -18534971 0 0 0
0 8388371 0 0 16 -18541262 0 0 0
0 8388374 0 0 16 -18547552 0 0 0
0 8388395 0 0 16 -18553843 0 0 0
0 8388393 0 0 16 -18560133 0 0 0
0 8388374 0 0 16 -18566423 0 0 0
0 8388365 0 0 16 -18572714 0 0 0
0 8388343 0 0 16 -18579004 0 0 0
0 8388371 0 0 16 -18585293 0 0 0
0 8388363 0 0 16 -18591585 0 0 0
0 8388378 0 0 16 -18597874 0 0 0
0 8388367 0 0 16 -18604164 0 0 0
0 8388378 0 0 16 -18610455 0 0 0
0 8388394 0 0 16 -18616746 0 0 0
0 8388361 0 0 16 -18623036 0 0 0
0 8388376 0 0 16 -18629326 0 0 0
0 8388384 0 0 16 -18635616 0 0 0
0 8388356 0 0 16 -18641907 0 0 0
0 8388389 0 0 16 -18648197 0 0 0
0 8388377 0 0 16 -18654487 0 0 0
0 8388371 0 0 16 -18660778 0 0 0
0 8388388 0 0 16 -18667068 0 0 0
0 8388384 0 0 16 -18673358 0 0 0
0 8388382 0 0 16 -18679648 0 0 0
0 8388382 0 0 16 -18685938 0 0 0
0 8388364 0 0 16 -18692229 0 0 0
0 8388383 0 0 16 -18698519 0 0 0
0 8388376 0 0 16 -18704812 0 0 0
0 8388405 0 0 16 -18711101 0 0 0
0 8388368 0 0 16 -18717391 0 0 0
0 8388398 0 0 16 -18723681 0 0 0
0 8388401 0 0 16 -18729971 0 0 0
0 8388381 0 0 16 -18736261 0 0 0
0 8388388 0 0 16 -18742553 0 0 0
0 8388385 0 0 16 -18748843 0 0 0
0 8388381 0 0 16 -18755134 0 0 0
0 8388390 0 0 16 -18761423 0 0 0
0 8388353 0 0 16 -18767714 0 0 0
0 8388374 0 0 16 -18774003 0 0 0
0 8388386 0 0 16 -18780294 0 0 0
0 8388370 0 0 16 -18786584 0 0 0
0 8388380 0 0 16 -18792874 0 0 0
0 8388362 0 0 16 -18799165 0 0 0
0 8388369 0 0 16 -18805456 0 0 0
0 8388377 0 0 16 -18811745 0 0 0
0 8388371 0 0 16 -18818036 0 0 0
0 8388378 0 0 16 -18824326 0 0 0
0 8388378 0 0 16 -18830616 0 0 0
0 8388387 0 0 16 -18836906 0 0 0
0 8388386 0 0 16 -18843197 0 0 0
0 8388378 0 0 16 -18849486 0 0 0
0 8388393 0 0 16 -18855777 0 0 0
0 8388370 0 0 16 -18862068 0 0 0
0 8388376 0 0 16 -18868358 0 0 0
0 8388380 0 0 16 -18874648 0 0 0
0 8388393 0 0 16 -18880938 0 0 0
0 8388372 0 0 16 -18887229 0 0 0
0 8388386 0 0 16 -18893519 0 0 0
0 8388389 0 0 16 -18899811 0 0 0
0 8388360 0 0 16 -18906100 0 0 0
0 8388384 0 0 16 -18912390 0 0 0
0 8388378 0 0 16 -18918680 0 0 0
0 8388381 0 0 16 -18924970 0 0 0
0 8388381 0 0 16 -18931261 0 0 0
0 8388388 0 0 16 -18937551 0 0 0
0 8388373 0 0 16 -18943841 0 0 0
0 8388377 0 0 16 -18950132 0 0 0
0 8388371 0 0 16 -18956423 0 0 0
0 8388374 0 0 16 -18962714 0 0 0
0 8388377 0 0 16 -18969003 0 0 0
0 8388381 0 0 16 -18975293 0 0 0
0 8388379 0 0 16 -18981583 0 0 0
0 8388371 0 0 16 -18987874 0 0 0
0 8388367 0 0 16 -18994164 0 0 0
0 8388369 0 0 16 -19000456 0 0 0
0 8388359 0 0 16 -19006747 0 0 0
0 8388362 0 0 16 -19013036 0 0 0
0 8388374 0 0 16 -19019326 0 0 0
0 8388387 0 0 16 -19025616 0 0 0
0 8388393 0 0 16 -19031907 0 0 0
0 8388377 0 0 16 -19038196 0 0 0
0 8388356 0 0 16 -19044487 0 0 0
0 8388371 0 0 16 -19050778 0 0 0
0 8388387 0 0 16 -19057068 0 0 0
0 8388386 0 0 16 -19063358 0 0 0
0 8388375 0 0 16 -19069648 0 0 0
0 8388370 0 0 16 -19075938 0 0 0
0 8388389 0 0 16 -19082228 0 0 0
0 8388386 0 0 16 -19088520 0 0 0
0 8388365 0 0 16 -19094811 0 0 0
0 8388378 0 0 16 -19101100 0 0 0
0 8388389 0 0 16 -19107390 0 0 0
0 8388377 0 0 16 -19113680 0 0 0
0 8388376 0 0 16 -19119970 0 0 0
0 8388376 0 0 16 -19126260 0 0 0
0 8388371 0 0 16 -19132551 0 0 0
0 8388383 0 0 16 -19138841 0 0 0
0 8388388 0 0 16 -19145132 0 0 0
0 8388379 0 0 16 -19151422 0 0 0
0 8388393 0 0 16 -19157713 0 0 0
0 8388366 0 0 16 -19164002 0 0 0
0 8388389 0 0 16 -19170293 0 0 0
0 8388376 0 0 16 -19176583 0 0 0
0 8388371 0 0 16 -19182873 0 0 0
0 8388378 0 0 16 -19189163 0 0 0
0 8388367 0 0 16 -19195454 0 0 0
0 8388375 0 0 16 -19201745 0 0 0
0 8388376 0 0 16 -19208036 0 0 0
0 8388382 0 0 16 -19214326 0 0 0
0 8388376 0 0 16 -19220615 0 0 0
0 8388369 0 0 16 -19226905 0 0 0
0 8388367 0 0 16 -19233196 0 0 0
0 8388380 0 0 16 -19239486 0 0 0
0 8388373 0 0 16 -19245777 0 0 0
0 8388372 0 0 16 -19252069 0 0 0
0 8388396 0 0 16 -19258359 0 0 0
0 8388397 0 0 16 -19264649 0 0 0
0 8388377 0 0 16 -19270939 0 0 0
0 8388384 0 0 16 -19277228 0 0 0
0 8388375 0 0 16 -19283519 0 0 0
0 8388388 0 0 16 -19289811 0 0 0
0 8388382 0 0 16 -19296100 0 0 0
0 8388398 0 0 16 -19302390 0 0 0
0 8388388 0 0 16 -19308680 0 0 0
0 8388374 0 0 16 -19314970 0 0 0
0 8388380 0 0 16 -19321261 0 0 0
0 8388386 0 0 16 -19327550 0 0 0
0 8388373 0 0 16 -19333841 0 0 0
0 8388397 0 0 16 -19340132 0 0 0
0 8388381 0 0 16 -19346422 0 0 0
0 8388393 0 0 16 -19352712 0 0 0
0 8388379 0 0 16 -19359002 0 0 0
0 8388384 0 0 16 -19365292 0 0 0
0 8388356 0 0 16 -19371582 0 0 0
0 8388351 0 0 16 -19377873 0 0 0
0 8388365 0 0 16 -19384163 0 0 0
0 8388375 0 0 16 -19390454 0 0 0
0 8388368 0 0 16 -19396744 0 0 0
0 8388367 0 0 16 -19403035 0 0 0
0 8388369 0 0 16 -19409324 0 0 0
0 8388375 0 0 16 -19415615 0 0 0
0 8388354 0 0 16 -19421905 0 0 0
0 8388388 0 0 16 -19428196 0 0 0
0 8388387 0 0 16 -19434486 0 0 0
0 8388366 0 0 16 -19440777 0 0 0
0 8388394 0 0 16 -19447067 0 0 0
0 8388378 0 0 16 -19453358 0 0 0
0 8388372 0 0 16 -19459647 0 0 0
0 8388381 0 0 16 -19465938 0 0 0
0 8388381 0 0 16 -19472227 0 0 0
0 8388369 0 0 16 -19478518 0 0 0
0 8388368 0 0 16 -19484810 0 0 0
0 8388369 0 0 16 -19491099 0 0 0
0 8388351 0 0 16 -19497390 0 0 0
0 8388369 0 0 16 -19503681 0 0 0
0 8388368 0 0 16 -19509971 0 0 0
0 8388384 0 0 16 -19516261 0 0 0
0 8388370 0 0 16 -19522551 0 0 0
0 8388376 0 0 16 -19528841 0 0 0
0 8388384 0 0 16 -19535132 0 0 0
0 8388374 0 0 16 -19541422 0 0 0
0 8388373 0 0 16 -19547712 0 0 0
0 8388394 0 0 16 -19554002 0 0 0
0 8388380 0 0 16 -19560292 0 0 0
0 8388367 0 0 16 -19566583 0 0 0
0 8388370 0 0 16 -19572873 0 0 0
0 8388372 0 0 16 -19579163 0 0 0
0 8388368 0 0 16 -19585455 0 0 0
0 8388367 0 0 16 -19591745 0 0 0
0 8388383 0 0 16 -19598034 0 0 0
0 8388374 0 0 16 -19604325 0 0 0
0 8388372 0 0 16 -19610614 0 0 0
0 8388381 0 0 16 -19616905 0 0 0
0 8388390 0 0 16 -19623195 0 0 0
0 8388384 0 0 16 -19629485 0 0 0
0 8388383 0 0 16 -19635777 0 0 0
0 8388393 0 0 16 -19642067 0 0 0
0 8388399 0 0 16 -19648357 0 0 0
0 8388394 0 0 16 -19654647 0 0 0
0 8388390 0 0 16 -19660937 0 0 0
0 8388373 0 0 16 -19667227 0 0 0
0 8388382 0 0 16 -19673518 0 0 0
0 8388394 0 0 16 -19679810 0 0 0
0 8388380 0 0 16 -19686099 0 0 0
0 8388371 0 0 16 -19692389 0 0 0
0 8388371 0 0 16 -19698679 0 0 0
0 8388391 0 0 16 -19704969 0 0 0
0 8388385 0 0 16 -19711259 0 0 0
0 8388394 0 0 16 -19717550 0 0 0
0 8388367 0 0 16 -19723840 0 0 0
0 8388377 0 0 16 -19730132 0 0 0
0 8388393 0 0 16 -19736422 0 0 0
0 8388391 0 0 16 -19742712 0 0 0
0 8388389 0 0 16 -19749002 0 0 0
0 8388396 0 0 16 -19755293 0 0 0
0 8388384 0 0 16 -19761584 0 0 0
0 8388355 0 0 16 -19767874 0 0 0
0 8388354 0 0 16 -19774163 0 0 0
0 8388369 0 0 16 -19780454 0 0 0
0 8388360 0 0 16 -19786745 0 0 0
0 8388369 0 0 16 -19793035 0 0 0
0 8388388 0 0 16 -19799324 0 0 0
0 8388375 0 0 16 -19805615 0 0 0
0 8388356 0 0 16 -19811905 0 0 0
0 8388375 0 0 16 -19818195 0 0 0
0 8388360 0 0 16 -19824485 0 0 0
0 8388372 0 0 16 -19830777 0 0 0
0 8388370 0 0 16 -19837067 0 0 0
0 8388383 0 0 16 -19843357 0 0 0
0 8388374 0 0 16 -19849646 0 0 0
0 8388377 0 0 16 -19855937 0 0 0
0 8388372 0 0 16 -19862227 0 0 0
0 8388383 0 0 16 -19868518 0 0 0
0 8388383 0 0 16 -19874807 0 0 0
0 8388374 0 0 16 -19881098 0 0 0
0 8388390 0 0 16 -19887389 0 0 0
0 8388379 0 0 16 -19893678 0 0 0
0 8388383 0 0 16 -19899969 0 0 0
0 8388396 0 0 16 -19906259 0 0 0
0 8388375 0 0 16 -19912550 0 0 0
0 8388394 0 0 16 -19918840 0 0 0
0 8388390 0 0 16 -19925131 0 0 0
0 8388390 0 0 16 -19931421 0 0 0
0 8388379 0 0 16 -19937711 0 0 0
0 8388381 0 0 16 -19944001 0 0 0
0 8388378 0 0 16 -19950291 0 0 0
0 8388380 0 0 16 -19956582 0 0 0
0 8388384 0 0 16 -19962872 0 0 0
0 8388365 0 0 16 -19969162 0 0 0
0 8388358 0 0 16 -19975454 0 0 0
0 8388359 0 0 16 -19981743 0 0 0
0 8388371 0 0 16 -19988035 0 0 0
0 8388379 0 0 16 -19994324 0 0 0
0 8388348 0 0 16 -20000614 0 0 0
0 8388378 0 0 16 -20006904 0 0 0
0 8388395 0 0 16 -20013196 0 0 0
0 8388396 0 0 16 -20019486 0 0 0
0 8388404 0 0 16 -20025776 0 0 0
0 8388420 0 0 16 -20032067 0 0 0
0 8388420 0 0 16 -20038357 0 0 0
0 8388381 0 0 16 -20044647 0 0 0
0 8388386 0 0 16 -20050937 0 0 0
0 8388382 0 0 16 -20057228 0 0 0
0 8388381 0 0 16 -20063517 0 0 0
0 8388413 0 0 16 -20069807 0 0 0
0 8388393 0 0 16 -20076098 0 0 0
0 8388396 0 0 16 -20082389 0 0 0
0 8388388 0 0 16 -20088679 0 0 0
0 8388381 0 0 16 -20094969 0 0 0
0 8388377 0 0 16 -20101260 0 0 0
0 8388401 0 0 16 -20107550 0 0 0
0 8388403 0 0 16 -20113840 0 0 0
0 8388390 0 0 16 -20120131 0 0 0
0 8388382 0 0 16 -20126420 0 0 0
0 8388378 0 0 16 -20132711 0 0 0
0 8388379 0 0 16 -20139001 0 0 0
0 8388360 0 0 16 -20145291 0 0 0
0 8388403 0 0 16 -20151581 0 0 0
0 8388379 0 0 16 -20157872 0 0 0
0 8388371 0 0 16 -20164162 0 0 0
0 8388384 0 0 16 -20170453 0 0 0
0 8388399 0 0 16 -20176743 0 0 0
0 8388388 0 0 16 -20183033 0 0 0
0 8388392 0 0 16 -20189323 0 0 0
0 8388407 0 0 16 -20195613 0 0 0
0 8388375 0 0 16 -20201904 0 0 0
0 8388380 0 0 16 -20208194 0 0 0
0 8388370 0 0 16 -20214485 0 0 0
0 8388378 0 0 16 -20220776 0 0 0
0 8388375 0 0 16 -20227066 0 0 0
0 8388382 0 0 16 -20233356 0 0 0
0 8388382 0 0 16 -20239645 0 0 0
0 8388357 0 0 16 -20245936 0 0 0
0 8388378 0 0 16 -20252227 0 0 0
0 8388392 0 0 16 -20258517 0 0 0
0 8388390 0 0 16 -20264810 0 0 0
0 8388390 0 0 16 -20271099 0 0 0
0 8388397 0 0 16 -20277389 0 0 0
0 8388388 0 0 16 -20283679 0 0 0
0 8388374 0 0 16 -20289969 0 0 0
0 8388397 0 0 16 -20296259 0 0 0
0 8388383 0 0 16 -20302550 0 0 0
0 8388379 0 0 16 -20308840 0 0 0
0 8388394 0 0 16 -20315131 0 0 0
0 8388391 0 0 16 -20321421 0 0 0
0 8388385 0 0 16 -20327711 0 0 0
0 8388392 0 0 16 -20334001 0 0 0
0 8388397 0 0 16 -20340291 0 0 0
0 8388389 0 0 16 -20346582 0 0 0
0 8388389 0 0 16 -20352872 0 0 0
0 8388377 0 0 16 -20359162 0 0 0
0 8388376 0 0 16 -20365453 0 0 0
0 8388376 0 0 16 -20371743 0 0 0
0 8388364 0 0 16 -20378033 0 0 0
0 8388367 0 0 16 -20384323 0 0 0
0 8388398 0 0 16 -20390613 0 0 0
0 8388374 0 0 16 -20396904 0 0 0
0 8388372 0 0 16 -20403194 0 0 0
0 8388375 0 0 16 -20409484 0 0 0
0 8388364 0 0 16 -20415775 0 0 0
0 8388364 0 0 16 -20422065 0 0 0
0 8388388 0 0 16 -20428356 0 0 0
0 8388380 0 0 16 -20434645 0 0 0
0 8388377 0 0 16 -20440936 0 0 0
0 8388382 0 0 16 -20447226 0 0 0
0 8388365 0 0 16 -20453516 0 0 0
0 8388386 0 0 16 -20459806 0 0 0
0 8388366 0 0 16 -20466097 0 0 0
0 8388368 0 0 16 -20472388 0 0 0
0 8388379 0 0 16 -20478678 0 0 0
0 8388378 0 0 16 -20484969 0 0 0
0 8388391 0 0 16 -20491258 0 0 0
0 8388377 0 0 16 -20497549 0 0 0
0 8388371 0 0 16 -20503839 0 0 0
0 8388382 0 0 16 -20510130 0 0 0
0 8388372 0 0 16 -20516421 0 0 0
0 8388393 0 0 16 -20522712 0 0 0
0 8388408 0 0 16 -20529001 0 0 0
0 8388392 0 0 16 -20535291 0 0 0
0 8388387 0 0 16 -20541581 0 0 0
0 8388373 0 0 16 -20547872 0 0 0
0 8388375 0 0 16 -20554162 0 0 0
0 8388385 0 0 16 -20560453 0 0 0
0 8388393 0 0 16 -20566743 0 0 0
0 8388382 0 0 16 -20573034 0 0 0
0 8388375 0 0 16 -20579323 0 0 0
0 8388389 0 0 16 -20585613 0 0 0
0 8388382 0 0 16 -20591903 0 0 0
0 8388389 0 0 16 -20598194 0 0 0
0 8388379 0 0 16 -20604485 0 0 0
0 8388383 0 0 16 -20610774 0 0 0
0 8388374 0 0 16 -20617065 0 0 0
0 8388371 0 0 16 -20623355 0 0 0
0 8388356 0 0 16 -20629645 0 0 0
0 8388384 0 0 16 -20635935 0 0 0
0 8388375 0 0 16 -20642225 0 0 0
0 8388399 0 0 16 -20648516 0 0 0
0 8388398 0 0 16 -20654805 0 0 0
0 8388375 0 0 16 -20661097 0 0 0
0 8388378 0 0 16 -20667387 0 0 0
0 8388369 0 0 16 -20673677 0 0 0
0 8388361 0 0 16 -20679967 0 0 0
0 8388358 0 0 16 -20686258 0 0 0
0 8388377 0 0 16 -20692548 0 0 0
0 8388382 0 0 16 -20698839 0 0 0
0 8388384 0 0 16 -20705129 0 0 0
0 8388382 0 0 16 -20711420 0 0 0
0 8388389 0 0 16 -20717710 0 0 0
0 8388397 0 0 16 -20724000 0 0 0
0 8388369 0 0 16 -20730291 0 0 0
0 8388383 0 0 16 -20736580 0 0 0
0 8388387 0 0 16 -20742871 0 0 0
0 8388385 0 0 16 -20749162 0 0 0
0 8388385 0 0 16 -20755452 0 0 0
0 8388385 0 0 16 -20761743 0 0 0
0 8388391 0 0 16 -20768034 0 0 0
0 8388375 0 0 16 -20774324 0 0 0
0 8388365 0 0 16 -20780614 0 0 0
0 8388369 0 0 16 -20786904 0 0 0
0 8388384 0 0 16 -20793194 0 0 0
0 8388381 0 0 16 -20799484 0 0 0
0 8388369 0 0 16 -20805775 0 0 0
0 8388398 0 0 16 -20812066 0 0 0
0 8388392 0 0 16 -20818355 0 0 0
0 8388365 0 0 16 -20824645 0 0 0
0 8388387 0 0 16 -20830936 0 0 0
0 8388396 0 0 16 -20837225 0 0 0
0 8388381 0 0 16 -20843516 0 0 0
0 8388380 0 0 16 -20849806 0 0 0
0 8388372 0 0 16 -20856097 0 0 0
0 8388401 0 0 16 -20862387 0 0 0
0 8388376 0 0 16 -20868678 0 0 0
0 8388379 0 0 16 -20874967 0 0 0
0 8388368 0 0 16 -20881258 0 0 0
0 8388375 0 0 16 -20887548 0 0 0
0 8388379 0 0 16 -20893838 0 0 0
0 8388380 0 0 16 -20900129 0 0 0
0 8388357 0 0 16 -20906420 0 0 0
0 8388370 0 0 16 -20912709 0 0 0
0 8388364 0 0 16 -20918999 0 0 0
0 8388374 0 0 16 -20925290 0 0 0
0 8388380 0 0 16 -20931580 0 0 0
0 8388379 0 0 16 -20937870 0 0 0
0 8388388 0 0 16 -20944161 0 0 0
0 8388376 0 0 16 -20950451 0 0 0
0 8388367 0 0 16 -20956742 0 0 0
0 8388365 0 0 16 -20963032 0 0 0
0 8388372 0 0 16 -20969322 0 0 0
0 8388380 0 0 16 -20975612 0 0 0
0 8388396 0 0 16 -20981902 0 0 0
0 8388367 0 0 16 -20988194 0 0 0
0 8388367 0 0 16 -20994484 0 0 0
0 8388367 0 0 16 -21000775 0 0 0
0 8388379 0 0 16 -21007065 0 0 0
0 8388389 0 0 16 -21013355 0 0 0
0 8388383 0 0 16 -21019644 0 0 0
0 8388367 0 0 16 -21025936 0 0 0
0 8388375 0 0 16 -21032226 0 0 0
0 8388378 0 0 16 -21038517 0 0 0
0 8388380 0 0 16 -21044806 0 0 0
0 8388389 0 0 16 -21051097 0 0 0
0 8388385 0 0 16 -21057388 0 0 0
0 8388375 0 0 16 -21063678 0 0 0
0 8388398 0 0 16 -21069968 0 0 0
0 8388380 0 0 16 -21076258 0 0 0
0 8388369 0 0 16 -21082548 0 0 0
0 8388380 0 0 16 -21088838 0 0 0
0 8388372 0 0 16 -21095130 0 0 0
0 8388386 0 0 16 -21101420 0 0 0
0 8388378 0 0 16 -21107709 0 0 0
0 8388392 0 0 16 -21113999 0 0 0
0 8388396 0 0 16 -21120290 0 0 0
0 8388370 0 0 16 -21126580 0 0 0
0 8388378 0 0 16 -21132870 0 0 0
0 8388405 0 0 16 -21139160 0 0 0
0 8388386 0 0 16 -21145451 0 0 0
0 8388398 0 0 16 -21151742 0 0 0
0 8388377 0 0 16 -21158032 0 0 0
0 8388374 0 0 16 -21164322 0 0 0
0 8388378 0 0 16 -21170612 0 0 0
0 8388372 0 0 16 -21176902 0 0 0
0 8388379 0 0 16 -21183193 0 0 0
0 8388386 0 0 16 -21189483 0 0 0
0 8388388 0 0 16 -21195774 0 0 0
0 8388386 0 0 16 -21202064 0 0 0
0 8388379 0 0 16 -21208354 0 0 0
0 8388370 0 0 16 -21214644 0 0 0
0 8388375 0 0 16 -21220935 0 0 0
0 8388374 0 0 16 -21227225 0 0 0
0 8388384 0 0 16 -21233515 0 0 0
0 8388394 0 0 16 -21239806 0 0 0
0 8388394 0 0 16 -21246097 0 0 0
0 8388392 0 0 16 -21252387 0 0 0
0 8388384 0 0 16 -21258677 0 0 0
0 8388399 0 0 16 -21264967 0 0 0
0 8388384 0 0 16 -21271257 0 0 0
0 8388384 0 0 16 -21277549 0 0 0
0 8388396 0 0 16 -21283839 0 0 0
0 8388381 0 0 16 -21290129 0 0 0
0 8388393 0 0 16 -21296419 0 0 0
0 8388370 0 0 16 -21302710 0 0 0
0 8388389 0 0 16 -21309000 0 0 0
0 8388377 0 0 16 -21315290 0 0 0
0 8388371 0 0 16 -21321580 0 0 0
0 8388388 0 0 16 -21327871 0 0 0
0 8388365 0 0 16 -21334161 0 0 0
0 8388374 0 0 16 -21340451 0 0 0
0 8388368 0 0 16 -21346742 0 0 0
0 8388382 0 0 16 -21353031 0 0 0
0 8388387 0 0 16 -21359322 0 0 0
0 8388389 0 0 16 -21365613 0 0 0
0 8388385 0 0 16 -21371902 0 0 0
0 8388379 0 0 16 -21378193 0 0 0
0 8388379 0 0 16 -21384482 0 0 0
0 8388399 0 0 16 -21390773 0 0 0
0 8388395 0 0 16 -21397064 0 0 0
0 8388383 0 0 16 -21403354 0 0 0
0 8388383 0 0 16 -21409644 0 0 0
0 8388397 0 0 16 -21415934 0 0 0
0 8388389 0 0 16 -21422224 0 0 0
0 8388394 0 0 16 -21428515 0 0 0
0 8388392 0 0 16 -21434805 0 0 0
0 8388387 0 0 16 -21441096 0 0 0
0 8388378 0 0 16 -21447386 0 0 0
0 8388388 0 0 16 -21453676 0 0 0
0 8388393 0 0 16 -21459966 0 0 0
0 8388409 0 0 16 -21466257 0 0 0
0 8388396 0 0 16 -21472547 0 0 0
0 8388388 0 0 16 -21478837 0 0 0
0 8388405 0 0 16 -21485129 0 0 0
0 8388399 0 0 16 -21491419 0 0 0
0 8388396 0 0 16 -21497709 0 0 0
0 8388407 0 0 16 -21503999 0 0 0
0 8388406 0 0 16 -21510289 0 0 0
0 8388389 0 0 16 -21516579 0 0 0
0 8388391 0 0 16 -21522870 0 0 0
0 8388384 0 0 16 -21529161 0 0 0
0 8388384 0 0 16 -21535452 0 0 0
0 8388377 0 0 16 -21541742 0 0 0
0 8388392 0 0 16 -21548032 0 0 0
0 8388390 0 0 16 -21554322 0 0 0
0 8388381 0 0 16 -21560612 0 0 0
0 8388374 0 0 16 -21566902 0 0 0
0 8388402 0 0 16 -21573193 0 0 0
0 8388382 0 0 16 -21579483 0 0 0
0 8388375 0 0 16 -21585774 0 0 0
0 8388388 0 0 16 -21592064 0 0 0
0 8388384 0 0 16 -21598353 0 0 0
0 8388393 0 0 16 -21604644 0 0 0
0 8388382 0 0 16 -21610934 0 0 0
0 8388385 0 0 16 -21617225 0 0 0
0 8388377 0 0 16 -21623514 0 0 0
0 8388379 0 0 16 -21629805 0 0 0
0 8388387 0 0 16 -21636095 0 0 0
0 8388372 0 0 16 -21642386 0 0 0
0 8388382 0 0 16 -21648676 0 0 0
0 8388392 0 0 16 -21654966 0 0 0
0 8388383 0 0 16 -21661256 0 0 0
0 8388395 0 0 16 -21667547 0 0 0
0 8388397 0 0 16 -21673837 0 0 0
0 8388394 0 0 16 -21680128 0 0 0
0 8388365 0 0 16 -21686418 0 0 0
0 8388377 0 0 16 -21692708 0 0 0
0 8388373 0 0 16 -21698998 0 0 0
0 8388387 0 0 16 -21705289 0 0 0
0 8388367 0 0 16 -21711579 0 0 0
0 8388395 0 0 16 -21717869 0 0 0
0 8388392 0 0 16 -21724160 0 0 0
0 8388370 0 0 16 -21730450 0 0 0
0 8388388 0 0 16 -21736741 0 0 0
0 8388377 0 0 16 -21743032 0 0 0
0 8388365 0 0 16 -21749321 0 0 0
0 8388349 0 0 16 -21755612 0 0 0
0 8388381 0 0 16 -21761902 0 0 0
0 8388395 0 0 16 -21768192 0 0 0
0 8388392 0 0 16 -21774481 0 0 0
0 8388382 0 0 16 -21780774 0 0 0
0 8388382 0 0 16 -21787064 0 0 0
0 8388382 0 0 16 -21793355 0 0 0
0 8388373 0 0 16 -21799644 0 0 0
0 8388377 0 0 16 -21805934 0 0 0
0 8388396 0 0 16 -21812224 0 0 0
0 8388387 0 0 16 -21818515 0 0 0
0 8388382 0 0 16 -21824805 0 0 0
0 8388387 0 0 16 -21831096 0 0 0
0 8388417 0 0 16 -21837386 0 0 0
0 8388386 0 0 16 -21843676 0 0 0
0 8388391 0 0 16 -21849966 0 0 0
0 8388380 0 0 16 -21856256 0 0 0
0 8388378 0 0 16 -21862547 0 0 0
0 8388362 0 0 16 -21868836 0 0 0
0 8388350 0 0 16 -21875128 0 0 0
0 8388367 0 0 16 -21881419 0 0 0
0 8388358 0 0 16 -21887708 0 0 0
0 8388377 0 0 16 -21893998 0 0 0
0 8388372 0 0 16 -21900288 0 0 0
0 8388365 0 0 16 -21906578 0 0 0
0 8388382 0 0 16 -21912869 0 0 0
0 8388357 0 0 16 -21919159 0 0 0
0 8388363 0 0 16 -21925450 0 0 0
0 8388370 0 0 16 -21931740 0 0 0
0 8388370 0 0 16 -21938031 0 0 0
0 8388388 0 0 16 -21944320 0 0 0
0 8388384 0 0 16 -21950611 0 0 0
0 8388376 0 0 16 -21956901 0 0 0
0 8388360 0 0 16 -21963191 0 0 0
0 8388370 0 0 16 -21969482 0 0 0
0 8388386 0 0 16 -21975773 0 0 0
0 8388383 0 0 16 -21982063 0 0 0
0 8388396 0 0 16 -21988353 0 0 0
0 8388378 0 0 16 -21994643 0 0 0
0 8388390 0 0 16 -22000934 0 0 0
0 8388409 0 0 16 -22007224 0 0 0
0 8388410 0 0 16 -22013515 0 0 0
0 8388389 0 0 16 -22019804 0 0 0
0 8388375 0 0 16 -22026094 0 0 0
0 8388400 0 0 16 -22032385 0 0 0
0 8388381 0 0 16 -22038677 0 0 0
0 8388392 0 0 16 -22044967 0 0 0
0 8388362 0 0 16 -22051257 0 0 0
0 8388393 0 0 16 -22057546 0 0 0
0 8388378 0 0 16 -22063837 0 0 0
0 8388389 0 0 16 -22070128 0 0 0
0 8388395 0 0 16 -22076418 0 0 0
0 8388385 0 0 16 -22082708 0 0 0
0 8388380 0 0 16 -22088998 0 0 0
0 8388353 0 0 16 -22095289 0 0 0
0 8388357 0 0 16 -22101578 0 0 0
0 8388377 0 0 16 -22107869 0 0 0
0 8388373 0 0 16 -22114160 0 0 0
0 8388367 0 0 16 -22120449 0 0 0
0 8388357 0 0 16 -22126740 0 0 0
0 8388383 0 0 16 -22133031 0 0 0
0 8388376 0 0 16 -22139320 0 0 0
0 8388389 0 0 16 -22145610 0 0 0
0 8388393 0 0 16 -22151901 0 0 0
0 8388388 0 0 16 -22158191 0 0 0
0 8388386 0 0 16 -22164481 0 0 0
0 8388380 0 0 16 -22170772 0 0 0
0 8388362 0 0 16 -22177063 0 0 0
0 8388403 0 0 16 -22183353 0 0 0
0 8388389 0 0 16 -22189642 0 0 0
0 8388377 0 0 16 -22195933 0 0 0
0 8388367 0 0 16 -22202223 0 0 0
0 8388403 0 0 16 -22208513 0 0 0
0 8388415 0 0 16 -22214803 0 0 0
0 8388396 0 0 16 -22221095 0 0 0
0 8388398 0 0 16 -22227385 0 0 0
0 8388395 0 0 16 -22233675 0 0 0
0 8388377 0 0 16 -22239965 0 0 0
0 8388378 0 0 16 -22246256 0 0 0
0 8388384 0 0 16 -22252546 0 0 0
0 8388397 0 0 16 -22258836 0 0 0
0 8388393 0 0 16 -22265127 0 0 0
0 8388381 0 0 16 -22271417 0 0 0
0 8388372 0 0 16 -22277707 0 0 0
0 8388381 0 0 16 -22283997 0 0 0
0 8388384 0 0 16 -22290289 0 0 0
0 8388388 0 0 16 -22296579 0 0 0
0 8388395 0 0 16 -22302870 0 0 0
0 8388374 0 0 16 -22309159 0 0 0
0 8388366 0 0 16 -22315450 0 0 0
0 8388374 0 0 16 -22321741 0 0 0
0 8388380 0 0 16 -22328031 0 0 0
0 8388374 0 0 16 -22334321 0 0 0
0 8388391 0 0 16 -22340611 0 0 0
0 8388385 0 0 16 -22346901 0 0 0
0 8388389 0 0 16 -22353191 0 0 0
0 8388387 0 0 16 -22359481 0 0 0
0 8388376 0 0 16 -22365772 0 0 0
0 8388384 0 0 16 -22372063 0 0 0
0 8388389 0 0 16 -22378353 0 0 0
0 8388366 0 0 16 -22384642 0 0 0
0 8388385 0 0 16 -22390933 0 0 0
0 8388388 0 0 16 -22397223 0 0 0
0 8388385 0 0 16 -22403513 0 0 0
0 8388387 0 0 16 -22409803 0 0 0
0 8388376 0 0 16 -22416094 0 0 0
0 8388383 0 0 16 -22422385 0 0 0
0 8388397 0 0 16 -22428675 0 0 0
0 8388384 0 0 16 -22434965 0 0 0
0 8388352 0 0 16 -22441255 0 0 0
0 8388369 0 0 16 -22447545 0 0 0
0 8388370 0 0 16 -22453835 0 0 0
0 8388373 0 0 16 -22460126 0 0 0
0 8388378 0 0 16 -22466417 0 0 0
0 8388378 0 0 16 -22472707 0 0 0
0 8388373 0 0 16 -22478997 0 0 0
0 8388364 0 0 16 -22485287 0 0 0
0 8388372 0 0 16 -22491578 0 0 0
0 8388396 0 0 16 -22497868 0 0 0
0 8388388 0 0 16 -22504159 0 0 0
0 8388361 0 0 16 -22510450 0 0 0
0 8388393 0 0 16 -22516740 0 0 0
0 8388365 0 0 16 -22523030 0 0 0
0 8388379 0 0 16 -22529320 0 0 0
0 8388393 0 0 16 -22535610 0 0 0
0 8388382 0 0 16 -22541902 0 0 0
0 8388356 0 0 16 -22548192 0 0 0
0 8388387 0 0 16 -22554482 0 0 0
0 8388363 0 0 16 -22560772 0 0 0
0 8388369 0 0 16 -22567062 0 0 0
0 8388365 0 0 16 -22573353 0 0 0
0 8388374 0 0 16 -22579642 0 0 0
0 8388385 0 0 16 -22585933 0 0 0
0 8388379 0 0 16 -22592223 0 0 0
0 8388372 0 0 16 -22598513 0 0 0
0 8388375 0 0 16 -22604803 0 0 0
0 8388390 0 0 16 -22611094 0 0 0
0 8388362 0 0 16 -22617384 0 0 0
0 8388369 0 0 16 -22623675 0 0 0
0 8388390 0 0 16 -22629965 0 0 0
0 8388390 0 0 16 -22636255 0 0 0
0 8388392 0 0 16 -22642546 0 0 0
0 8388378 0 0 16 -22648836 0 0 0
0 8388379 0 0 16 -22655126 0 0 0
0 8388375 0 0 16 -22661417 0 0 0
0 8388369 0 0 16 -22667707 0 0 0
0 8388379 0 0 16 -22673997 0 0 0
0 8388370 0 0 16 -22680287 0 0 0
0 8388385 0 0 16 -22686577 0 0 0
0 8388390 0 0 16 -22692868 0 0 0
0 8388379 0 0 16 -22699158 0 0 0
0 8388374 0 0 16 -22705448 0 0 0
0 8388373 0 0 16 -22711739 0 0 0
0 8388366 0 0 16 -22718029 0 0 0
0 8388385 0 0 16 -22724319 0 0 0
0 8388382 0 0 16 -22730609 0 0 0
0 8388372 0 0 16 -22736900 0 0 0
0 8388364 0 0 16 -22743190 0 0 0
0 8388388 0 0 16 -22749480 0 0 0
0 8388395 0 0 16 -22755772 0 0 0
0 8388366 0 0 16 -22762062 0 0 0
0 8388377 0 0 16 -22768352 0 0 0
0 8388354 0 0 16 -22774642 0 0 0
0 8388379 0 0 16 -22780932 0 0 0
0 8388369 0 0 16 -22787223 0 0 0
0 8388380 0 0 16 -22793514 0 0 0
0 8388382 0 0 16 -22799804 0 0 0
0 8388385 0 0 16 -22806095 0 0 0
0 8388377 0 0 16 -22812384 0 0 0
0 8388374 0 0 16 -22818675 0 0 0
0 8388384 0 0 16 -22824965 0 0 0
0 8388382 0 0 16 -22831255 0 0 0
0 8388373 0 0 16 -22837545 0 0 0
0 8388364 0 0 16 -22843836 0 0 0
0 8388377 0 0 16 -22850126 0 0 0
0 8388385 0 0 16 -22856417 0 0 0
0 8388376 0 0 16 -22862707 0 0 0
0 8388370 0 0 16 -22868997 0 0 0
0 8388387 0 0 16 -22875287 0 0 0
0 8388404 0 0 16 -22881577 0 0 0
0 8388377 0 0 16 -22887867 0 0 0
0 8388380 0 0 16 -22894158 0 0 0
0 8388380 0 0 16 -22900449 0 0 0
0 8388382 0 0 16 -22906739 0 0 0
0 8388391 0 0 16 -22913029 0 0 0
0 8388374 0 0 16 -22919319 0 0 0
0 8388374 0 0 16 -22925609 0 0 0
0 8388369 0 0 16 -22931899 0 0 0
0 8388390 0 0 16 -22938190 0 0 0
0 8388382 0 0 16 -22944480 0 0 0
0 8388390 0 0 16 -22950771 0 0 0
0 8388357 0 0 16 -22957061 0 0 0
0 8388369 0 0 16 -22963351 0 0 0
0 8388381 0 0 16 -22969641 0 0 0
0 8388383 0 0 16 -22975931 0 0 0
0 8388398 0 0 16 -22982222 0 0 0
0 8388401 0 0 16 -22988512 0 0 0
0 8388389 0 0 16 -22994802 0 0 0
0 8388363 0 0 16 -23001093 0 0 0
0 8388377 0 0 16 -23007384 0 0 0
0 8388395 0 0 16 -23013674 0 0 0
0 8388375 0 0 16 -23019964 0 0 0
0 8388395 0 0 16 -23026255 0 0 0
0 8388375 0 0 16 -23032545 0 0 0
0 8388374 0 0 16 -23038834 0 0 0
0 8388356 0 0 16 -23045127 0 0 0
0 8388382 0 0 16 -23051418 0 0 0
0 8388380 0 0 16 -23057708 0 0 0
0 8388384 0 0 16 -23063997 0 0 0
0 8388382 0 0 16 -23070287 0 0 0
0 8388374 0 0 16 -23076577 0 0 0
0 8388385 0 0 16 -23082868 0 0 0
0 8388382 0 0 16 -23089158 0 0 0
0 8388373 0 0 16 -23095449 0 0 0
0 8388380 0 0 16 -23101739 0 0 0
0 8388382 0 0 16 -23108029 0 0 0
0 8388371 0 0 16 -23114318 0 0 0
0 8388375 0 0 16 -23120609 0 0 0
0 8388384 0 0 16 -23126899 0 0 0
0 8388376 0 0 16 -23133190 0 0 0
0 8388388 0 0 16 -23139480 0 0 0
0 8388380 0 0 16 -23145771 0 0 0
0 8388383 0 0 16 -23152061 0 0 0
0 8388387 0 0 16 -23158351 0 0 0
0 8388373 0 0 16 -23164641 0 0 0
0 8388373 0 0 16 -23170931 0 0 0
0 8388384 0 0 16 -23177221 0 0 0
0 8388378 0 0 16 -23183512 0 0 0
0 8388366 0 0 16 -23189802 0 0 0
0 8388391 0 0 16 -23196093 0 0 0
0 8388390 0 0 16 -23202383 0 0 0
0 8388385 0 0 16 -23208673 0 0 0
0 8388387 0 0 16 -23214963 0 0 0
0 8388363 0 0 16 -23221254 0 0 0
0 8388377 0 0 16 -23227544 0 0 0
0 8388355 0 0 16 -23233835 0 0 0
0 8388384 0 0 16 -23240125 0 0 0
0 8388391 0 0 16 -23246416 0 0 0
0 8388382 0 0 16 -23252706 0 0 0
0 8388373 0 0 16 -23258996 0 0 0
0 8388355 0 0 16 -23265287 0 0 0
0 8388379 0 0 16 -23271577 0 0 0
0 8388373 0 0 16 -23277867 0 0 0
0 8388368 0 0 16 -23284157 0 0 0
0 8388384 0 0 16 -23290448 0 0 0
0 8388376 0 0 16 -23296740 0 0 0
0 8388379 0 0 16 -23303030 0 0 0
0 8388368 0 0 16 -23309320 0 0 0
0 8388370 0 0 16 -23315609 0 0 0
0 8388369 0 0 16 -23321899 0 0 0
0 8388363 0 0 16 -23328189 0 0 0
0 8388379 0 0 16 -23334480 0 0 0
0 8388360 0 0 16 -23340771 0 0 0
0 8388391 0 0 16 -23347061 0 0 0
0 8388388 0 0 16 -23353351 0 0 0
0 8388379 0 0 16 -23359641 0 0 0
0 8388373 0 0 16 -23365931 0 0 0
0 8388355 0 0 16 -23372222 0 0 0
0 8388371 0 0 16 -23378512 0 0 0
0 8388366 0 0 16 -23384802 0 0 0
0 8388367 0 0 16 -23391093 0 0 0
0 8388380 0 0 16 -23397383 0 0 0
0 8388373 0 0 16 -23403673 0 0 0
0 8388353 0 0 16 -23409963 0 0 0
0 8388373 0 0 16 -23416253 0 0 0
0 8388382 0 0 16 -23422544 0 0 0
0 8388368 0 0 16 -23428834 0 0 0
0 8388378 0 0 16 -23435125 0 0 0
0 8388391 0 0 16 -23441415 0 0 0
0 8388394 0 0 16 -23447706 0 0 0
0 8388381 0 0 16 -23453996 0 0 0
0 8388387 0 0 16 -23460286 0 0 0
0 8388370 0 0 16 -23466576 0 0 0
0 8388383 0 0 16 -23472866 0 0 0
0 8388384 0 0 16 -23479156 0 0 0
0 8388372 0 0 16 -23485447 0 0 0
0 8388382 0 0 16 -23491738 0 0 0
0 8388384 0 0 16 -23498028 0 0 0
0 8388375 0 0 16 -23504318 0 0 0
0 8388379 0 0 16 -23510608 0 0 0
0 8388387 0 0 16 -23516899 0 0 0
0 8388378 0 0 16 -23523188 0 0 0
0 8388370 0 0 16 -23529480 0 0 0
0 8388385 0 0 16 -23535770 0 0 0
0 8388371 0 0 16 -23542061 0 0 0
0 8388391 0 0 16 -23548351 0 0 0
0 8388385 0 0 16 -23554642 0 0 0
0 8388378 0 0 16 -23560932 0 0 0
0 8388371 0 0 16 -23567223 0 0 0
0 8388394 0 0 16 -23573512 0 0 0
0 8388402 0 0 16 -23579802 0 0 0
0 8388381 0 0 16 -23586093 0 0 0
0 8388375 0 0 16 -23592384 0 0 0
0 8388391 0 0 16 -23598673 0 0 0
0 8388388 0 0 16 -23604964 0 0 0
0 8388397 0 0 16 -23611254 0 0 0
0 8388383 0 0 16 -23617544 0 0 0
0 8388375 0 0 16 -23623834 0 0 0
0 8388376 0 0 16 -23630125 0 0 0
0 8388378 0 0 16 -23636415 0 0 0
0 8388371 0 0 16 -23642706 0 0 0
0 8388386 0 0 16 -23648995 0 0 0
0 8388398 0 0 16 -23655286 0 0 0
0 8388390 0 0 16 -23661575 0 0 0
0 8388375 0 0 16 -23667866 0 0 0
0 8388369 0 0 16 -23674156 0 0 0
0 8388371 0 0 16 -23680447 0 0 0
0 8388389 0 0 16 -23686737 0 0 0
0 8388386 0 0 16 -23693028 0 0 0
0 8388394 0 0 16 -23699317 0 0 0
0 8388398 0 0 16 -23705608 0 0 0
0 8388370 0 0 16 -23711898 0 0 0
0 8388399 0 0 16 -23718188 0 0 0
0 8388394 0 0 16 -23724479 0 0 0
0 8388386 0 0 16 -23730770 0 0 0
0 8388380 0 0 16 -23737060 0 0 0
0 8388388 0 0 16 -23743350 0 0 0
0 8388376 0 0 16 -23749640 0 0 0
0 8388364 0 0 16 -23755931 0 0 0
0 8388386 0 0 16 -23762221 0 0 0
0 8388376 0 0 16 -23768511 0 0 0
0 8388387 0 0 16 -23774802 0 0 0
0 8388386 0 0 16 -23781092 0 0 0
0 8388377 0 0 16 -23787383 0 0 0
0 8388378 0 0 16 -23793673 0 0 0
0 8388374 0 0 16 -23799962 0 0 0
0 8388383 0 0 16 -23806253 0 0 0
0 8388357 0 0 16 -23812545 0 0 0
0 8388383 0 0 16 -23818835 0 0 0
0 8388384 0 0 16 -23825125 0 0 0
0 8388373 0 0 16 -23831415 0 0 0
0 8388383 0 0 16 -23837706 0 0 0
0 8388401 0 0 16 -23843996 0 0 0
0 8388376 0 0 16 -23850286 0 0 0
0 8388374 0 0 16 -23856576 0 0 0
0 8388369 0 0 16 -23862867 0 0 0
0 8388372 0 0 16 -23869157 0 0 0
0 8388373 0 0 16 -23875447 0 0 0
0 8388387 0 0 16 -23881737 0 0 0
0 8388387 0 0 16 -23888028 0 0 0
0 8388383 0 0 16 -23894317 0 0 0
0 8388374 0 0 16 -23900608 0 0 0
0 8388372 0 0 16 -23906899 0 0 0
0 8388373 0 0 16 -23913188 0 0 0
0 8388379 0 0 16 -23919479 0 0 0
0 8388366 0 0 16 -23925769 0 0 0
0 8388364 0 0 16 -23932060 0 0 0
0 8388366 0 0 16 -23938350 0 0 0
0 8388379 0 0 16 -23944640 0 0 0
0 8388379 0 0 16 -23950930 0 0 0
0 8388374 0 0 16 -23957220 0 0 0
0 8388376 0 0 16 -23963511 0 0 0
0 8388377 0 0 16 -23969801 0 0 0
0 8388372 0 0 16 -23976092 0 0 0
0 8388361 0 0 16 -23982382 0 0 0
0 8388385 0 0 16 -23988672 0 0 0
0 8388365 0 0 16 -23994962 0 0 0
0 8388393 0 0 16 -24001253 0 0 0
0 8388392 0 0 16 -24007543 0 0 0
0 8388396 0 0 16 -24013833 0 0 0
0 8388385 0 0 16 -24020125 0 0 0
0 8388385 0 0 16 -24026415 0 0 0
0 8388382 0 0 16 -24032705 0 0 0
0 8388371 0 0 16 -24038995 0 0 0
0 8388383 0 0 16 -24045284 0 0 0
0 8388354 0 0 16 -24051575 0 0 0
0 8388364 0 0 16 -24057865 0 0 0
0 8388377 0 0 16 -24064157 0 0 0
0 8388367 0 0 16 -24070448 0 0 0
0 8388369 0 0 16 -24076737 0 0 0
0 8388371 0 0 16 -24083028 0 0 0
0 8388393 0 0 16 -24089317 0 0 0
0 8388375 0 0 16 -24095608 0 0 0
0 8388367 0 0 16 -24101898 0 0 0
0 8388380 0 0 16 -24108189 0 0 0
0 8388370 0 0 16 -24114479 0 0 0
0 8388377 0 0 16 -24120770 0 0 0
0 8388388 0 0 16 -24127060 0 0 0
0 8388373 0 0 16 -24133351 0 0 0
0 8388382 0 0 16 -24139640 0 0 0
0 8388386 0 0 16 -24145930 0 0 0
0 8388377 0 0 16 -24152220 0 0 0
0 8388381 0 0 16 -24158511 0 0 0
0 8388375 0 0 16 -24164801 0 0 0
0 8388379 0 0 16 -24171091 0 0 0
0 8388383 0 0 16 -24177382 0 0 0
0 8388379 0 0 16 -24183672 0 0 0
0 8388368 0 0 16 -24189962 0 0 0
0 8388385 0 0 16 -24196252 0 0 0
0 8388382 0 0 16 -24202543 0 0 0
0 8388380 0 0 16 -24208833 0 0 0
0 8388381 0 0 16 -24215124 0 0 0
0 8388387 0 0 16 -24221414 0 0 0
0 8388380 0 0 16 -24227704 0 0 0
0 8388402 0 0 16 -24233994 0 0 0
0 8388374 0 0 16 -24240284 0 0 0
0 8388374 0 0 16 -24246575 0 0 0
0 8388363 0 0 16 -24252865 0 0 0
0 8388374 0 0 16 -24259155 0 0 0
0 8388393 0 0 16 -24265446 0 0 0
0 8388378 0 0 16 -24271737 0 0 0
0 8388367 0 0 16 -24278027 0 0 0
0 8388363 0 0 16 -24284318 0 0 0
0 8388367 0 0 16 -24290608 0 0 0
0 8388397 0 0 16 -24296897 0 0 0
0 8388412 0 0 16 -24303188 0 0 0
0 8388385 0 0 16 -24309478 0 0 0
0 8388385 0 0 16 -24315770 0 0 0
0 8388376 0 0 16 -24322060 0 0 0
0 8388378 0 0 16 -24328350 0 0 0
0 8388370 0 0 16 -24334640 0 0 0
0 8388373 0 0 16 -24340930 0 0 0
0 8388383 0 0 16 -24347220 0 0 0
0 8388387 0 0 16 -24353511 0 0 0
0 8388378 0 0 16 -24359801 0 0 0
0 8388407 0 0 16 -24366092 0 0 0
0 8388399 0 0 16 -24372382 0 0 0
0 8388410 0 0 16 -24378672 0 0 0
0 8388398 0 0 16 -24384962 0 0 0
0 8388389 0 0 16 -24391252 0 0 0
0 8388373 0 0 16 -24397543 0 0 0
0 8388381 0 0 16 -24403834 0 0 0
0 8388387 0 0 16 -24410124 0 0 0
0 8388382 0 0 16 -24416414 0 0 0
0 8388384 0 0 16 -24422704 0 0 0
0 8388387 0 0 16 -24428994 0 0 0
0 8388380 0 0 16 -24435284 0 0 0
0 8388371 0 0 16 -24441575 0 0 0
0 8388385 0 0 16 -24447864 0 0 0
0 8388373 0 0 16 -24454155 0 0 0
0 8388361 0 0 16 -24460446 0 0 0
0 8388378 0 0 16 -24466736 0 0 0
0 8388382 0 0 16 -24473026 0 0 0
0 8388400 0 0 16 -24479316 0 0 0
0 8388396 0 0 16 -24485607 0 0 0
0 8388378 0 0 16 -24491897 0 0 0
0 8388363 0 0 16 -24498187 0 0 0
0 8388386 0 0 16 -24504478 0 0 0
0 8388402 0 0 16 -24510769 0 0 0
0 8388373 0 0 16 -24517058 0 0 0
0 8388382 0 0 16 -24523349 0 0 0
0 8388388 0 0 16 -24529639 0 0 0
0 8388384 0 0 16 -24535929 0 0 0
0 8388395 0 0 16 -24542220 0 0 0
0 8388362 0 0 16 -24548510 0 0 0
0 8388380 0 0 16 -24554800 0 0 0
0 8388385 0 0 16 -24561091 0 0 0
0 8388391 0 0 16 -24567383 0 0 0
0 8388384 0 0 16 -24573673 0 0 0
0 8388368 0 0 16 -24579963 0 0 0
0 8388401 0 0 16 -24586252 0 0 0
0 8388383 0 0 16 -24592543 0 0 0
0 8388394 0 0 16 -24598833 0 0 0
0 8388378 0 0 16 -24605125 0 0 0
0 8388353 0 0 16 -24611414 0 0 0
0 8388376 0 0 16 -24617705 0 0 0
0 8388372 0 0 16 -24623994 0 0 0
0 8388368 0 0 16 -24630285 0 0 0
0 8388353 0 0 16 -24636574 0 0 0
0 8388372 0 0 16 -24642865 0 0 0
0 8388358 0 0 16 -24649155 0 0 0
0 8388367 0 0 16 -24655446 0 0 0
0 8388364 0 0 16 -24661736 0 0 0
0 8388383 0 0 16 -24668027 0 0 0
0 8388362 0 0 16 -24674316 0 0 0
0 8388385 0 0 16 -24680606 0 0 0
0 8388368 0 0 16 -24686896 0 0 0
0 8388374 0 0 16 -24693187 0 0 0
0 8388385 0 0 16 -24699477 0 0 0
0 8388390 0 0 16 -24705768 0 0 0
0 8388382 0 0 16 -24712058 0 0 0
0 8388374 0 0 16 -24718349 0 0 0
0 8388389 0 0 16 -24724638 0 0 0
0 8388384 0 0 16 -24730929 0 0 0
0 8388353 0 0 16 -24737219 0 0 0
0 8388379 0 0 16 -24743509 0 0 0
0 8388380 0 0 16 -24749800 0 0 0
0 8388376 0 0 16 -24756091 0 0 0
0 8388388 0 0 16 -24762381 0 0 0
0 8388379 0 0 16 -24768671 0 0 0
0 8388382 0 0 16 -24774961 0 0 0
0 8388384 0 0 16 -24781252 0 0 0
0 8388389 0 0 16 -24787542 0 0 0
0 8388392 0 0 16 -24793833 0 0 0
0 8388383 0 0 16 -24800125 0 0 0
0 8388378 0 0 16 -24806413 0 0 0
0 8388385 0 0 16 -24812704 0 0 0
0 8388379 0 0 16 -24818993 0 0 0
0 8388369 0 0 16 -24825285 0 0 0
0 8388373 0 0 16 -24831575 0 0 0
0 8388394 0 0 16 -24837865 0 0 0
0 8388395 0 0 16 -24844155 0 0 0
0 8388380 0 0 16 -24850446 0 0 0
0 8388383 0 0 16 -24856736 0 0 0
0 8388389 0 0 16 -24863027 0 0 0
0 8388384 0 0 16 -24869316 0 0 0
0 8388374 0 0 16 -24875607 0 0 0
0 8388370 0 0 16 -24881897 0 0 0
