ADC1 ADC2 tv_sec tv_usec M_STAT M_POS LVDT_DL LVDT actual_speed
0 11057486 225 323421 0 -2906198 0 0 -16066564
0 12918181 225 343551 0 -2906171 0 0 -16066430
0 13860609 225 363679 0 -2906095 0 0 -16066052
0 10584914 225 383809 0 -2905973 0 0 -16065446
0 12621839 225 403938 0 -2905803 0 0 -16064602
0 12619771 225 424069 0 -2905586 0 0 -16063524
0 10802559 225 444197 0 -2905322 0 0 -16062212
0 11974969 225 464325 0 -2905011 0 0 -16060667
0 11701416 225 484453 0 -2904653 0 0 -16058888
0 11024249 225 504583 0 -2904247 0 0 -16056872
0 9919464 225 524713 0 -2903794 0 0 11943
0 10008790 225 544841 0 -2903295 0 0 14288
0 9874857 225 564970 0 -2902748 0 0 16628
0 9903539 225 585100 0 -2902153 0 0 18977
0 10075540 225 605231 0 -2901512 0 0 21317
0 9844596 225 625360 4 -2900824 0 0 23657
0 9940755 225 645488 4 -2900088 0 0 26002
0 9900434 225 665617 4 -2899305 0 0 28347
0 9806684 225 685745 4 -2898475 0 0 30692
0 9963209 225 705872 4 -2897598 0 0 33032
0 9931136 225 726006 0 -2896673 0 0 35376
0 9778731 225 746133 0 -2895712 0 0 37672
0 11247004 225 766261 0 -2894737 0 0 39798
0 13020796 225 786389 0 -2893751 0 0 41741
0 12328392 225 806519 0 -2892753 0 0 43515
0 11083334 225 826647 0 -2891743 0 0 45115
0 10372960 225 846777 0 -2890721 0 0 46535
0 10056825 225 866905 0 -2889688 0 0 47778
0 9846937 225 887033 0 -2888642 0 0 48850
0 9743291 225 907163 0 -2887585 0 0 49744
0 9741355 225 927293 0 -2886517 0 0 50455
0 9803504 225 947420 0 -2885436 0 0 51051
0 10327374 225 967550 0 -2884343 0 0 51637
0 10543042 225 987678 0 -2883239 0 0 52223
0 12673320 226 7808 0 -2882123 0 0 52810
0 10454732 226 27937 0 -2880995 0 0 53396
0 11873972 226 48068 0 -2879856 0 0 53977
0 14109959 226 68196 0 -2878704 0 0 54568
0 12946243 226 88324 0 -2877541 0 0 55149
0 10141114 226 108454 0 -2876366 0 0 55735
0 11333359 226 128582 0 -2875179 0 0 56327
0 14132630 226 148711 0 -2873981 0 0 56908
0 13126343 226 168839 0 -2872770 0 0 57494
0 10378914 226 188969 0 -2871548 0 0 58080
0 10702681 226 209099 0 -2870314 0 0 58666
0 13411323 226 229226 0 -2869068 0 0 59253
0 13929413 226 249358 0 -2867811 0 0 59839
0 11303691 226 269486 0 -2866541 0 0 60425
0 10086821 226 289614 0 -2865260 0 0 61011
0 12856465 226 309742 0 -2863967 0 0 61598
0 14336145 226 329872 0 -2862662 0 0 62184
0 12871174 226 350003 0 -2861346 0 0 62769
0 10368652 226 370129 0 -2860017 0 0 63356
0 10498624 226 390261 0 -2858677 0 0 63942
0 13376520 226 410392 0 -2857326 0 0 64523
0 14245543 226 430519 0 -2855962 0 0 65109
0 12174123 226 450647 0 -2854586 0 0 65702
0 10022123 226 470778 0 -2853199 0 0 66281
0 10504457 226 490904 0 -2851800 0 0 66869
0 13117135 226 511033 0 -2850389 0 0 67455
0 14350226 226 531163 0 -2848967 0 0 68036
0 12860134 226 551291 0 -2847532 0 0 68628
0 10416687 226 571421 0 -2846086 0 0 69208
0 10002108 226 591549 0 -2844628 0 0 69796
0 11935535 226 611678 0 -2843158 0 0 70387
0 13993228 226 631806 0 -2841677 0 0 70968
0 14084926 226 651937 0 -2840183 0 0 71553
0 12024319 226 672066 0 -2838678 0 0 72140
0 10117667 226 692194 0 -2837161 0 0 72726
0 10096570 226 712323 0 -2835632 0 0 73312
0 11711209 226 732453 0 -2834092 0 0 73898
0 13900446 226 752581 0 -2832539 0 0 74485
0 14303734 226 772710 0 -2830975 0 0 75071
0 12688915 226 792838 0 -2829399 0 0 75657
0 10565294 226 812968 0 -2827811 0 0 76243
0 9798017 226 833097 0 -2826212 0 0 76829
0 10992128 226 853225 0 -2824601 0 0 77411
0 13070594 226 873356 0 -2822978 0 0 77997
0 14391236 226 893484 0 -2821343 0 0 78583
0 13775348 226 913612 0 -2819696 0 0 79170
0 11446855 226 933742 0 -2818037 0 0 79761
0 10128362 226 953870 0 -2816367 0 0 80342
0 9951280 226 974002 0 -2814685 0 0 80927
0 11332773 226 994129 0 -2812991 0 0 81514
0 13510715 227 14259 0 -2811285 0 0 82100
0 14412958 227 34387 0 -2809568 0 0 82687
0 13915836 227 54516 0 -2807839 0 0 83272
0 12327657 227 74645 0 -2806098 0 0 83860
0 10488757 227 94774 0 -2804345 0 0 84445
0 9788758 227 114903 0 -2802580 0 0 85031
0 10798090 227 135031 0 -2800803 0 0 85618
0 12711089 227 155161 0 -2799015 0 0 86204
0 14125602 227 175291 0 -2797216 0 0 86786
0 14240736 227 195418 0 -2795404 0 0 87372
0 13128409 227 215550 0 -2793580 0 0 87957
0 10941430 227 235678 0 -2791745 0 0 88543
0 9870197 227 255808 0 -2789898 0 0 89129
0 10053456 227 275936 0 -2788039 0 0 89715
0 11555042 227 296065 0 -2786168 0 0 90302
0 13431030 227 316195 0 -2784285 0 0 90888
0 14449981 227 336323 0 -2782391 0 0 91469
0 13995250 227 356451 0 -2780485 0 0 92056
0 12478767 227 376582 0 -2778567 0 0 92647
0 10517310 227 396708 0 -2776638 0 0 93229
0 9810744 227 416838 0 -2774696 0 0 93816
0 10633056 227 436968 0 -2772743 0 0 94401
0 12110477 227 457095 0 -2770778 0 0 94989
0 14003225 227 477226 0 -2768801 0 0 95574
0 14318222 227 497354 0 -2766812 0 0 96161
0 13214871 227 517483 0 -2764812 0 0 96742
0 11138391 227 537613 0 -2762800 0 0 97327
0 9879806 227 557741 0 -2760775 0 0 97918
0 10246385 227 577870 0 -2758739 0 0 98506
0 11562037 227 597998 0 -2756692 0 0 99091
0 13666287 227 618128 0 -2754632 0 0 99677
0 14355907 227 638258 0 -2752561 0 0 100263
0 13408156 227 658386 0 -2750478 0 0 100849
0 11543020 227 678516 0 -2748383 0 0 101436
0 10086758 227 698644 0 -2746277 0 0 102017
0 10056817 227 718773 0 -2744158 0 0 102608
0 11778998 227 738902 0 -2742029 0 0 103190
0 13801003 227 759032 0 -2739886 0 0 103775
0 14401298 227 779159 0 -2737732 0 0 104362
0 13529422 227 799289 0 -2735567 0 0 104948
0 11259624 227 819417 0 -2733390 0 0 105530
0 9933819 227 839547 0 -2731200 0 0 106121
0 10150376 227 859676 0 -2728999 0 0 106707
0 12258267 227 879804 0 -2726787 0 0 107289
0 14027584 227 899934 0 -2724562 0 0 107879
0 14213988 227 920062 0 -2722325 0 0 108466
0 12705784 227 940192 0 -2720077 0 0 109057
0 10571416 227 960321 0 -2717818 0 0 109633
0 9928192 227 980451 0 -2715546 0 0 110218
0 11461499 228 579 0 -2713263 0 0 110805
0 13561736 228 20712 0 -2710967 0 0 111394
0 14385898 228 40838 4 -2708660 0 0 111977
0 13175787 228 60969 0 -2706341 0 0 112563
0 11205249 228 81096 0 -2704011 0 0 113149
0 9796534 228 101226 0 -2701668 0 0 113735
0 10881827 228 121356 0 -2699314 0 0 114315
0 12866838 228 141481 0 -2696948 0 0 114904
0 14350170 228 161611 0 -2694570 0 0 115495
0 13525855 228 181743 4 -2692181 0 0 116075
0 11415198 228 201869 0 -2689780 0 0 116663
0 9781437 228 222002 0 -2687366 0 0 117249
0 10808838 228 242127 0 -2684941 0 0 117836
0 12882528 228 262258 0 -2682504 0 0 118422
0 14390395 228 282384 0 -2680056 0 0 119009
0 13249064 228 302514 0 -2677596 0 0 119590
0 10929088 228 322642 0 -2675124 0 0 120177
0 9783088 228 342772 0 -2672640 0 0 120761
0 11486301 228 362901 0 -2670144 0 0 121347
0 13663533 228 383031 0 -2667636 0 0 121940
0 14414109 228 403159 0 -2665117 0 0 122525
0 12726126 228 423289 0 -2662586 0 0 123107
0 10267626 228 443416 0 -2660043 0 0 123693
0 10032384 228 463546 0 -2657488 0 0 124279
0 12159899 228 483676 0 -2654922 0 0 124864
0 14280622 228 503804 0 -2652344 0 0 125451
0 13702725 228 523933 0 -2649753 0 0 126041
0 11544868 228 544063 0 -2647151 0 0 126628
0 9805063 228 564190 0 -2644538 0 0 127210
0 10855824 228 584320 0 -2641912 0 0 127796
0 13258239 228 604448 0 -2639275 0 0 128383
0 14305574 228 624578 0 -2636626 0 0 128969
0 12507875 228 644708 0 -2633965 0 0 129553
0 10141857 228 664836 0 -2631293 0 0 130136
0 10281451 228 684967 0 -2628608 0 0 130726
0 12451722 228 705094 0 -2625912 0 0 131314
0 14390229 228 725223 0 -2623203 0 0 131899
0 13465227 228 745353 0 -2620484 0 0 132480
0 10925554 228 765481 0 -2617752 0 0 133071
0 9953915 228 785611 0 -2615009 0 0 133652
0 11885302 228 805739 0 -2612254 0 0 134239
0 14073170 228 825871 0 -2609487 0 0 134823
0 13778783 228 845998 0 -2606708 0 0 135412
0 11149854 228 866129 0 -2603917 0 0 136001
0 9857622 228 886257 0 -2601115 0 0 136584
0 12146007 228 906385 0 -2598301 0 0 137169
0 14382428 228 926513 0 -2595476 0 0 137747
0 13544332 228 946643 0 -2592638 0 0 138338
0 10708590 228 966772 0 -2589788 0 0 138923
0 9949629 228 986902 0 -2586927 0 0 139509
0 12445074 229 7030 0 -2584054 0 0 140096
0 14376285 229 27158 0 -2581169 0 0 140685
0 13253854 229 47287 0 -2578272 0 0 141270
0 10569940 229 67416 0 -2575364 0 0 141851
0 10254186 229 87547 0 -2572444 0 0 142436
0 12692043 229 107674 0 -2569512 0 0 143024
0 14275114 229 127803 0 -2566568 0 0 143614
0 12652910 229 147931 0 -2563612 0 0 144201
0 10032858 229 168061 0 -2560645 0 0 144782
0 10575885 229 188191 0 -2557666 0 0 145368
0 13530501 229 208318 0 -2554675 0 0 145955
0 14146907 229 228448 0 -2551672 0 0 146540
0 11605582 229 248576 0 -2548657 0 0 147127
0 9782567 229 268706 0 -2545631 0 0 147712
0 11396749 229 288837 0 -2542593 0 0 148298
0 14108106 229 308965 0 -2539543 0 0 148884
0 13587955 229 329093 0 -2536481 0 0 149471
0 10711618 229 349221 0 -2533407 0 0 150057
0 10121236 229 369351 0 -2530322 0 0 150643
0 12941828 229 389481 0 -2527225 0 0 151230
0 14411121 229 409608 0 -2524116 0 0 151816
0 12062289 229 429738 0 -2520995 0 0 152402
0 9832709 229 449866 0 -2517863 0 0 152983
0 11329417 229 469996 0 -2514718 0 0 153574
0 14099645 229 490126 0 -2511562 0 0 154161
0 13565697 229 510255 0 -2508394 0 0 154747
0 10793418 229 530383 0 -2505214 0 0 155333
0 10339236 229 550511 0 -2502023 0 0 155914
0 12934768 229 570641 0 -2498819 0 0 156506
0 14330149 229 590769 0 -2495604 0 0 157093
0 11827471 229 610899 0 -2492378 0 0 157672
0 9815629 229 631031 0 -2489139 0 0 158257
0 11662131 229 651159 0 -2485888 0 0 158848
0 14188384 229 671289 0 -2482626 0 0 159429
0 13091902 229 691417 0 -2479352 0 0 160017
0 10374224 229 711546 0 -2476067 0 0 160598
0 10882541 229 731673 0 -2472769 0 0 161186
0 13869001 229 751802 0 -2469460 0 0 161771
0 13604196 229 771932 0 -2466139 0 0 162352
0 10770433 229 792060 0 -2462805 0 0 162943
0 10373821 229 812192 0 -2459461 0 0 163528
0 13537306 229 832318 0 -2456105 0 0 164114
0 13702661 229 852448 0 -2452736 0 0 164699
0 10627758 229 872575 0 -2449356 0 0 165287
0 10332193 229 892705 0 -2445964 0 0 165871
0 13431414 229 912834 0 -2442560 0 0 166464
0 13797527 229 932963 0 -2439144 0 0 167047
0 10537691 229 953092 0 -2435717 0 0 167634
0 10560190 229 973221 0 -2432278 0 0 168221
0 13564552 229 993350 0 -2428827 0 0 168801
0 13780528 230 13478 0 -2425365 0 0 169391
0 10760773 230 33608 0 -2421890 0 0 169979
0 10835931 230 53736 0 -2418404 0 0 170562
0 13762998 230 73866 0 -2414906 0 0 171145
0 13092562 230 93997 0 -2411396 0 0 171731
0 10444987 230 114123 0 -2407874 0 0 172319
0 10998466 230 134253 0 -2404341 0 0 172900
0 13929521 230 154381 0 -2400796 0 0 173487
0 12979346 230 174511 0 -2397239 0 0 174072
0 10382949 230 194641 0 -2393670 0 0 174658
0 11354608 230 214769 0 -2390089 0 0 175249
0 13778071 230 234898 0 -2386496 0 0 175836
0 12320480 230 255026 0 -2382892 0 0 176422
0 10782823 230 275156 0 -2379276 0 0 177008
0 12077873 230 295284 0 -2375649 0 0 177591
0 13574165 230 315415 0 -2372009 0 0 178175
0 11847773 230 335544 0 -2368358 0 0 178761
0 10060305 230 355672 0 -2364694 0 0 179352
0 12638980 230 375802 0 -2361019 0 0 179938
0 14056208 230 395929 0 -2357332 0 0 180527
0 11063344 230 416059 0 -2353634 0 0 181107
0 10465762 230 436187 0 -2349924 0 0 181689
0 13688101 230 456321 0 -2346202 0 0 182271
0 13194415 230 476447 0 -2342468 0 0 182860
0 10100192 230 496577 0 -2338722 0 0 183449
0 11348082 230 516703 0 -2334965 0 0 184034
0 14277895 230 536833 0 -2331195 0 0 184625
0 12313921 230 556965 0 -2327414 0 0 185203
0 9916776 230 577091 0 -2323621 0 0 185793
0 12708667 230 597220 0 -2319816 0 0 186377
0 13911148 230 617350 0 -2316001 0 0 186958
0 10505596 230 637478 0 -2312172 0 0 187549
0 10937882 230 657606 0 -2308332 0 0 188140
0 14132507 230 677736 0 -2304480 0 0 188724
0 12925934 230 697864 0 -2300617 0 0 189307
0 9911910 230 717995 0 -2296741 0 0 189894
0 12046980 230 738124 0 -2292854 0 0 190475
0 14227948 230 758252 0 -2288955 0 0 191065
0 11698396 230 778381 0 -2285044 0 0 191649
0 9903248 230 798509 0 -2281122 0 0 192231
0 13033949 230 818639 0 -2277187 0 0 192827
0 13549998 230 838767 0 -2273241 0 0 193408
0 10141189 230 858897 0 -2269283 0 0 193993
0 11483321 230 879027 0 -2265313 0 0 194579
0 14251088 230 899154 0 -2261332 0 0 195166
0 11678943 230 919285 0 -2257338 0 0 195751
0 10366790 230 939413 0 -2253334 0 0 196336
0 13704667 230 959542 0 -2249316 0 0 196925
0 13009076 230 979670 0 -2245288 0 0 197507
0 9905178 230 999800 0 -2241247 0 0 198096
0 12452273 231 19928 0 -2237195 0 0 198680
0 14111343 231 40058 0 -2233130 0 0 199269
0 10805734 231 60187 0 -2229054 0 0 199856
0 10844875 231 80315 0 -2224967 0 0 200439
0 14200867 231 100445 0 -2220867 0 0 201027
0 12308856 231 120573 0 -2216756 0 0 201612
0 9997793 231 140703 0 -2212633 0 0 202200
0 13476575 231 160831 0 -2208498 0 0 202783
0 13331021 231 180961 0 -2204351 0 0 203372
0 10011846 231 201089 0 -2200192 0 0 203960
0 12365990 231 221219 0 -2196022 0 0 204545
0 13949364 231 241351 0 -2191841 0 0 205119
0 10434146 231 261479 0 -2187647 0 0 205706
0 11270223 231 281610 0 -2183441 0 0 206295
0 14142675 231 301738 0 -2179224 0 0 206879
0 11156386 231 321866 0 -2174995 0 0 207465
0 10700841 231 341995 0 -2170754 0 0 208051
0 14131856 231 362125 0 -2166501 0 0 208635
0 11855464 231 382251 0 -2162236 0 0 209226
0 10332247 231 402381 0 -2157960 0 0 209805
0 13875105 231 422511 0 -2153673 0 0 210386
0 12770855 231 442638 0 -2149372 0 0 210987
0 9970131 231 462766 0 -2145061 0 0 211569
0 13482072 231 482896 0 -2140738 0 0 212150
0 13022130 231 503027 0 -2136402 0 0 212739
0 9992934 231 523155 0 -2132054 0 0 213330
0 13371859 231 543284 0 -2127696 0 0 213911
0 13160713 231 563411 0 -2123325 0 0 214501
0 10176475 231 583541 0 -2118943 0 0 215078
0 12720615 231 603669 0 -2114549 0 0 215666
0 13647176 231 623799 0 -2110142 0 0 216262
0 10052890 231 643927 0 -2105724 0 0 216842
0 12412288 231 664057 0 -2101294 0 0 217431
0 13909105 231 684187 0 -2096853 0 0 218018
0 10059326 231 704315 0 -2092400 0 0 218601
0 12192597 231 724446 0 -2087935 0 0 219180
0 13859037 231 744573 0 -2083458 0 0 219775
0 10261251 231 764702 0 -2078970 0 0 220353
0 12152271 231 784832 0 -2074470 0 0 220939
0 13982088 231 804960 0 -2069957 0 0 221530
0 10381758 231 825089 0 -2065433 0 0 222112
0 12014598 231 845219 0 -2060897 0 0 222696
0 14073053 231 865347 0 -2056349 0 0 223285
0 10432382 231 885476 0 -2051790 0 0 223872
0 11744864 231 905605 0 -2047219 0 0 224457
0 14213267 231 925735 0 -2042636 0 0 225045
0 10365328 231 945864 0 -2038042 0 0 225622
0 11795203 231 965992 0 -2033434 0 0 226222
0 13863031 231 986121 0 -2028815 0 0 226813
0 10288558 232 6249 0 -2024185 0 0 227394
0 11913230 232 26379 0 -2019544 0 0 227975
0 14103567 232 46508 0 -2014891 0 0 228557
0 10399678 232 66639 0 -2010225 0 0 229140
0 12190575 232 86770 0 -2005548 0 0 229725
0 13879902 232 106897 0 -2000859 0 0 230313
0 10147886 232 127025 0 -1996157 0 0 230906
0 12779790 232 147156 0 -1991445 0 0 231490
0 13291481 232 167282 0 -1986721 0 0 232067
0 9960749 232 187412 0 -1981984 0 0 232653
0 13110248 232 207542 0 -1977237 0 0 233232
0 13125318 232 227671 0 -1972477 0 0 233825
0 10172641 232 247799 0 -1967705 0 0 234417
0 13674524 232 267927 0 -1962921 0 0 235007
0 12277236 232 288056 0 -1958126 0 0 235594
0 10643155 232 308184 0 -1953319 0 0 236179
0 14130380 232 328315 0 -1948501 0 0 236753
0 11428113 232 348444 0 -1943671 0 0 237341
0 10771885 232 368572 0 -1938828 0 0 237932
0 13984531 232 388702 0 -1933974 0 0 238512
0 10640521 232 408829 0 -1929108 0 0 239106
0 11707461 232 428959 0 -1924230 0 0 239691
0 13746014 232 449089 0 -1919340 0 0 240275
0 10083069 232 469216 0 -1914439 0 0 240858
0 12710243 232 489347 0 -1909526 0 0 241441
0 13101120 232 509474 0 -1904601 0 0 242029
0 10075594 232 529605 0 -1899664 0 0 242620
0 13753876 232 549733 0 -1894716 0 0 243209
0 11939994 232 569862 0 -1889756 0 0 243786
0 10558034 232 589992 0 -1884783 0 0 244379
0 14153476 232 610119 0 -1879799 0 0 244965
0 10864910 232 630249 0 -1874803 0 0 245551
0 11653738 232 650379 0 -1869797 0 0 246127
0 13876680 232 670507 0 -1864777 0 0 246717
0 10028883 232 690637 0 -1859745 0 0 247310
0 13059430 232 710765 0 -1854703 0 0 247890
0 12566126 232 730894 0 -1849648 0 0 248477
0 10444180 232 751023 0 -1844582 0 0 249064
0 14099639 232 771152 0 -1839502 0 0 249660
0 11393728 232 791280 0 -1834413 0 0 250238
0 11069107 232 811410 0 -1829311 0 0 250821
0 14142294 232 831539 0 -1824198 0 0 251403
0 10364797 232 851667 0 -1819073 0 0 251997
0 12538004 232 871800 0 -1813935 0 0 252577
0 13249356 232 891930 0 -1808786 0 0 253160
0 10075549 232 912058 0 -1803625 0 0 253751
0 13593693 232 932186 0 -1798452 0 0 254338
0 12206387 232 952314 0 -1793269 0 0 254918
0 10563899 232 972443 0 -1788073 0 0 255496
0 14268486 232 992572 0 -1782865 0 0 256086
0 10724556 233 12702 0 -1777645 0 0 256672
0 12254389 233 32828 0 -1772414 0 0 257262
0 13443164 233 52960 0 -1767170 0 0 257848
0 9979873 233 73086 0 -1761915 0 0 258438
0 13551088 233 93216 0 -1756648 0 0 259023
0 11939552 233 113345 0 -1751370 0 0 259603
0 10757829 233 133476 0 -1746080 0 0 260182
0 14083006 233 153604 0 -1740777 0 0 260779
0 10501300 233 173732 0 -1735463 0 0 261365
0 12259284 233 193860 0 -1730137 0 0 261953
0 13340948 233 213990 0 -1724799 0 0 262539
0 10151075 233 234119 0 -1719450 0 0 263122
0 13956246 233 254248 0 -1714088 0 0 263712
0 11463209 233 274377 0 -1708716 0 0 264289
0 11666798 233 294505 0 -1703331 0 0 264878
0 13662835 233 314635 0 -1697934 0 0 265468
0 10032267 233 334764 0 -1692526 0 0 266055
0 13580468 233 354892 0 -1687106 0 0 266637
0 11509703 233 375022 0 -1681673 0 0 267226
0 11368844 233 395152 0 -1676230 0 0 267805
0 14010638 233 415280 0 -1670774 0 0 268394
0 10206422 233 435409 0 -1665307 0 0 268980
0 13237554 233 455537 0 -1659828 0 0 269563
0 12362917 233 475667 0 -1654336 0 0 270157
0 10851113 233 495795 0 -1648834 0 0 270739
0 13958052 233 515925 0 -1643319 0 0 271325
0 10195926 233 536056 0 -1637793 0 0 271910
0 13233573 233 556184 0 -1632255 0 0 272496
0 12197948 233 576313 0 -1626705 0 0 273077
0 10775668 233 596440 0 -1621142 0 0 273678
0 14015302 233 616570 0 -1615569 0 0 274256
0 10193031 233 636698 0 -1609984 0 0 274844
0 13330822 233 656828 0 -1604387 0 0 275427
0 12362086 233 676960 0 -1598778 0 0 276006
0 10770424 233 697088 0 -1593157 0 0 276597
0 14029199 233 717219 0 -1587524 0 0 277183
0 10330465 233 737346 0 -1581881 0 0 277767
0 13055510 233 757474 0 -1576225 0 0 278353
0 12176832 233 777602 0 -1570557 0 0 278944
0 11195425 233 797733 0 -1564878 0 0 279513
0 13962309 233 817859 0 -1559187 0 0 280105
0 10065393 233 837989 0 -1553482 0 0 280698
0 13607100 233 858120 0 -1547768 0 0 281278
0 11540461 233 878246 0 -1542041 0 0 281873
0 11550179 233 898376 0 -1536302 0 0 282456
0 13698756 233 918505 0 -1530553 0 0 283034
0 10026714 233 938633 0 -1524791 0 0 283625
0 13951160 233 958764 0 -1519016 0 0 284213
0 11145306 233 978892 0 -1513231 0 0 284793
0 11939242 233 999021 0 -1507433 0 0 285387
0 13245820 234 19151 0 -1501624 0 0 285968
0 10184864 234 39279 0 -1495803 0 0 286547
0 14124013 234 59408 0 -1489970 0 0 287141
0 10414458 234 79536 0 -1484125 0 0 287724
0 12711429 234 99666 0 -1478268 0 0 288310
0 12318312 234 119795 0 -1472401 0 0 288897
0 10719271 234 139923 0 -1466520 0 0 289488
0 13859982 234 160054 0 -1460628 0 0 290069
0 10120898 234 180183 0 -1454724 0 0 290657
0 13712739 234 200311 0 -1448809 0 0 291241
0 11372967 234 220440 0 -1442882 0 0 291829
0 12043323 234 240568 0 -1436943 0 0 292415
0 13152489 234 260698 0 -1430992 0 0 293000
0 10487769 234 280826 0 -1425029 0 0 293586
0 14144791 234 300956 0 -1419054 0 0 294173
0 10086048 234 321086 0 -1413069 0 0 294757
0 13737206 234 341213 0 -1407071 0 0 295340
0 11073303 234 361344 0 -1401060 0 0 295931
0 12318868 234 381473 0 -1395039 0 0 296512
0 12637632 234 401601 0 -1389004 0 0 297109
0 10294611 234 421729 0 -1382959 0 0 297696
0 13353159 234 441859 0 -1376902 0 0 298280
0 10200026 234 461989 0 -1370834 0 0 298861
0 14000409 234 482116 0 -1364753 0 0 299449
0 10166110 234 502248 0 -1358661 0 0 300027
0 12815839 234 522378 0 -1352557 0 0 300619
0 12308558 234 542507 0 -1346441 0 0 301203
0 10723596 234 562632 0 -1340314 0 0 301785
0 13993794 234 582764 0 -1334174 0 0 302373
0 10391902 234 602894 0 -1328024 0 0 302941
0 13859855 234 623020 0 -1321859 0 0 303541
0 10963285 234 643150 0 -1315684 0 0 304127
0 12539156 234 663280 0 -1309499 0 0 304708
0 12224429 234 683408 0 -1303300 0 0 305293
0 11116564 234 703536 0 -1297089 0 0 305890
0 13644110 234 723664 0 -1290868 0 0 306473
0 10378774 234 743794 0 -1284634 0 0 307058
0 14122857 234 763924 0 -1278388 0 0 307644
0 10240155 234 784052 0 -1272130 0 0 308237
0 13392119 234 804181 0 -1265861 0 0 308828
0 11095883 234 824309 0 -1259581 0 0 309396
0 12518755 234 844439 16 -1253290 0 0 309972
0 12615973 234 864568 16 -1247001 0 0 310490
0 10722633 234 884698 16 -1240710 0 0 310944
0 14119079 234 904825 16 -1234419 0 0 311343
0 10247456 234 924955 16 -1228128 0 0 311688
0 13966249 234 945084 16 -1221838 0 0 311968
0 10554226 234 965214 16 -1215548 0 0 312186
0 13174385 234 985343 16 -1209258 0 0 312342
0 11439160 235 5471 16 -1202968 0 0 312451
0 11888489 235 25600 16 -1196677 0 0 312503
0 13107380 235 45729 16 -1190387 0 0 312499
0 10698762 235 65858 16 -1184097 0 0 312504
0 14083518 235 85988 16 -1177805 0 0 312509
0 10031308 235 106115 16 -1171515 0 0 312504
0 13851542 235 126244 16 -1165225 0 0 312501
0 10927659 235 146374 16 -1158935 0 0 312499
0 12477078 235 166504 16 -1152645 0 0 312499
0 12246895 235 186633 16 -1146355 0 0 312501
0 11421168 235 206761 16 -1140063 0 0 312509
0 13451878 235 226889 16 -1133773 0 0 312506
0 10281070 235 247019 16 -1127482 0 0 312509
0 14007144 235 267148 16 -1121193 0 0 312504
0 10216272 235 287277 16 -1114903 0 0 312496
0 13713810 235 307407 16 -1108612 0 0 312496
0 11203635 235 327537 16 -1102322 0 0 312495
0 12193441 235 347667 16 -1096032 0 0 312496
0 12719721 235 367794 16 -1089742 0 0 312499
0 10863636 235 387925 16 -1083451 0 0 312500
0 13915150 235 408051 16 -1077161 0 0 312494
0 10170176 235 428179 16 -1070870 0 0 312499
0 14151197 235 448311 16 -1064581 0 0 312486
0 10575667 235 468440 16 -1058291 0 0 312491
0 12845933 235 488568 16 -1052000 0 0 312498
0 11679542 235 508695 16 -1045709 0 0 312502
0 11682560 235 528824 16 -1039419 0 0 312504
0 13326247 235 548953 16 -1033129 0 0 312504
0 10332300 235 569082 16 -1026839 0 0 312501
0 14147799 235 589213 16 -1020548 0 0 312504
0 10185240 235 609342 16 -1014259 0 0 312491
0 13686809 235 629469 16 -1007968 0 0 312494
0 10966504 235 649598 16 -1001678 0 0 312504
0 12831100 235 669728 16 -995388 0 0 312502
0 11955006 235 689858 16 -989097 0 0 312499
0 11475988 235 709985 16 -982806 0 0 312499
0 13171192 235 730114 16 -976516 0 0 312499
0 10469020 235 750243 16 -970226 0 0 312499
0 14011204 235 770373 16 -963936 0 0 312498
0 10179780 235 790503 16 -957646 0 0 312494
0 13669184 235 810632 16 -951355 0 0 312504
0 10997062 235 830759 16 -945065 0 0 312499
0 13327243 235 850888 16 -938775 0 0 312499
0 11812804 235 871018 16 -932484 0 0 312504
0 11724036 235 891147 16 -926193 0 0 312506
0 13340138 235 911277 16 -919904 0 0 312491
0 10358174 235 931404 16 -913613 0 0 312499
0 14165156 235 951534 16 -907322 0 0 312503
0 10178230 235 971663 16 -901033 0 0 312499
0 13859408 235 991793 16 -894743 0 0 312499
0 11076660 236 11922 16 -888450 0 0 312509
0 12320144 236 32050 16 -882160 0 0 312508
0 12818593 236 52180 16 -875869 0 0 312511
0 10643242 236 72307 16 -869580 0 0 312506
0 13869673 236 92437 16 -863290 0 0 312499
0 10037930 236 112568 16 -857000 0 0 312503
0 13980369 236 132699 16 -850710 0 0 312493
0 10450194 236 152827 16 -844419 0 0 312495
0 13147838 236 172955 16 -838128 0 0 312508
0 11839502 236 193084 16 -831838 0 0 312506
0 11690289 236 213211 16 -825548 0 0 312496
0 13216102 236 233342 16 -819258 0 0 312491
0 10696248 236 253471 16 -812969 0 0 312483
0 13975701 236 273599 16 -806677 0 0 312496
0 10020647 236 293728 16 -800387 0 0 312498
0 13949715 236 313855 16 -794097 0 0 312504
0 10609191 236 333985 16 -787806 0 0 312509
0 13070115 236 354114 16 -781517 0 0 312499
0 11979317 236 374243 16 -775226 0 0 312496
0 12003015 236 394373 16 -768936 0 0 312496
0 13193111 236 414502 16 -762646 0 0 312493
0 10464863 236 434629 16 -756356 0 0 312499
0 13981106 236 454758 16 -750065 0 0 312509
0 10087095 236 474888 16 -743775 0 0 312496
0 13840422 236 495017 16 -737484 0 0 312501
0 10552816 236 515146 16 -731194 0 0 312498
0 12783808 236 535276 16 -724904 0 0 312493
0 12242462 236 555403 16 -718614 0 0 312501
0 11485777 236 575533 16 -712323 0 0 312499
0 13374314 236 595663 16 -706033 0 0 312501
0 10356735 236 615791 16 -699743 0 0 312501
0 14152443 236 635921 16 -693452 0 0 312501
0 10023619 236 656048 16 -687162 0 0 312499
0 13710810 236 676177 16 -680871 0 0 312506
0 11157753 236 696307 16 -674582 0 0 312494
0 11816826 236 716436 16 -668291 0 0 312499
0 13125877 236 736566 16 -662000 0 0 312504
0 10398808 236 756693 16 -655710 0 0 312504
0 14203824 236 776823 16 -649420 0 0 312499
0 10035823 236 796953 16 -643129 0 0 312504
0 13969319 236 817081 16 -636838 0 0 312509
0 11135734 236 837210 16 -630547 0 0 312511
0 12423613 236 857338 16 -624257 0 0 312509
0 12280651 236 877468 16 -617968 0 0 312498
0 11126860 236 897597 16 -611678 0 0 312504
0 13688572 236 917729 16 -605388 0 0 312495
0 9932899 236 937856 16 -599097 0 0 312499
0 14115901 236 957987 16 -592806 0 0 312500
0 10325908 236 978116 16 -586516 0 0 312501
0 13286531 236 998243 16 -580226 0 0 312499
0 11501566 237 18372 16 -573936 0 0 312493
0 12293705 237 38503 16 -567646 0 0 312485
0 12627534 237 58629 16 -561356 0 0 312488
0 10458706 237 78758 16 -555065 0 0 312499
0 14001547 237 98889 16 -548775 0 0 312496
0 10029240 237 119016 16 -542485 0 0 312504
0 14104377 237 139146 16 -536193 0 0 312504
0 10384886 237 159273 16 -529904 0 0 312499
0 13256206 237 179402 16 -523614 0 0 312499
0 11662217 237 199533 16 -517324 0 0 312494
0 12129713 237 219661 16 -511034 0 0 312496
0 13162743 237 239790 16 -504743 0 0 312504
0 10849190 237 259918 16 -498452 0 0 312506
0 13846600 237 280047 16 -492162 0 0 312501
0 10034073 237 300176 16 -485872 0 0 312504
0 14099047 237 320305 16 -479582 0 0 312501
0 10124996 237 340435 16 -473292 0 0 312491
0 13362449 237 360564 16 -467001 0 0 312498
0 11110648 237 380693 16 -460711 0 0 312498
0 12554112 237 400824 16 -454421 0 0 312498
0 12519556 237 420951 16 -448130 0 0 312506
0 11168716 237 441079 16 -441839 0 0 312506
0 13649629 237 461208 16 -435549 0 0 312499
0 10119091 237 481338 16 -429260 0 0 312493
0 14173633 237 501467 16 -422969 0 0 312498
0 9807172 237 521596 16 -416678 0 0 312503
0 13929877 237 541724 16 -410388 0 0 312506
0 10705609 237 561854 16 -404097 0 0 312504
0 12908408 237 581983 16 -397807 0 0 312504
0 12019815 237 602113 16 -391517 0 0 312506
0 11499936 237 622242 16 -385227 0 0 312498
0 13420253 237 642371 16 -378935 0 0 312501
0 10440773 237 662498 16 -372645 0 0 312504
0 14093426 237 682627 16 -366355 0 0 312511
0 9992949 237 702757 16 -360065 0 0 312504
0 14202240 237 722887 16 -353775 0 0 312498
0 10214318 237 743018 16 -347484 0 0 312498
0 13635980 237 763146 16 -341194 0 0 312496
0 11248591 237 783276 16 -334904 0 0 312496
0 12370280 237 803404 16 -328614 0 0 312498
0 12722821 237 823533 16 -322323 0 0 312501
0 10988381 237 843662 16 -316033 0 0 312493
0 13911802 237 863790 16 -309743 0 0 312491
0 10022034 237 883919 16 -303452 0 0 312496
0 14152176 237 904050 16 -297162 0 0 312495
0 10224227 237 924176 16 -290872 0 0 312501
0 13786563 237 944305 16 -284581 0 0 312504
0 11000852 237 964435 16 -278292 0 0 312496
0 12301980 237 984562 16 -272001 0 0 312504
0 12728553 238 4693 16 -265711 0 0 312501
0 10828563 238 24822 16 -259421 0 0 312498
0 13681050 238 44951 16 -253130 0 0 312501
0 10012857 238 65080 16 -246840 0 0 312499
0 14252113 238 85207 16 -240549 0 0 312502
0 10318668 238 105336 16 -234259 0 0 312506
0 13598303 238 125466 16 -227970 0 0 312494
0 11266090 238 145595 16 -221679 0 0 312494
0 12203970 238 165725 16 -215389 0 0 312499
0 12769529 238 185852 16 -209098 0 0 312499
0 10687814 238 205983 16 -202807 0 0 312504
0 14053046 238 226112 16 -196517 0 0 312504
0 10004597 238 246241 16 -190227 0 0 312499
0 14306401 238 266370 16 -183937 0 0 312499
0 10654811 238 286497 16 -177647 0 0 312494
0 13159937 238 306627 16 -171356 0 0 312498
0 12221849 238 326756 16 -165066 0 0 312504
0 11337349 238 346885 16 -158775 0 0 312504
0 13785870 238 367014 16 -152484 0 0 312511
0 10185390 238 387142 16 -146194 0 0 312504
0 14283095 238 407272 16 -139904 0 0 312499
0 9851670 238 427402 16 -133615 0 0 312494
0 13868286 238 447530 16 -127323 0 0 312506
0 11150927 238 467658 16 -121032 0 0 312512
0 12478684 238 487787 16 -114742 0 0 312509
0 12996439 238 507917 16 -108451 0 0 312509
0 10273174 238 528046 16 -102162 0 0 312504
0 14431405 238 548178 16 -95872 0 0 312495
0 9866367 238 568305 16 -89582 0 0 312493
0 13969691 238 588434 16 -83291 0 0 312496
0 10897734 238 608562 16 -77002 0 0 312494
0 12612995 238 628693 16 -70711 0 0 312501
0 12477375 238 648821 16 -64421 0 0 312493
0 10766091 238 668950 16 -58130 0 0 312491
0 14132063 238 689079 16 -51840 0 0 312491
0 9998031 238 709209 16 -45549 0 0 312491
0 14278229 238 729336 16 -39260 0 0 312494
0 10460469 238 749466 16 -32969 0 0 312502
0 13421734 238 769593 16 -26679 0 0 312502
0 11877197 238 789723 16 -20389 0 0 312496
0 11542071 238 809854 16 -14099 0 0 312498
0 13362569 238 829980 16 -7808 0 0 312504
0 10126236 238 850110 16 -1517 0 0 312507
0 14365528 238 870239 16 4772 0 0 312496
0 9772663 238 890367 16 11062 0 0 312498
0 13983611 238 910498 16 17351 0 0 312486
0 10740162 238 930626 16 23641 0 0 312489
0 12737735 238 950755 16 29932 0 0 312491
0 12546987 238 970883 16 36222 0 0 312489
0 10804456 238 991013 16 42512 0 0 312489
0 14363081 239 11142 16 48803 0 0 312496
0 9810071 239 31270 16 55093 0 0 312489
0 14066891 239 51401 16 61383 0 0 312481
0 10723123 239 71529 16 67673 0 0 312489
0 12957454 239 91658 16 73964 0 0 312493
0 12491854 239 111788 16 80254 0 0 312499
0 10707020 239 131916 16 86546 0 0 312509
0 13930918 239 152046 16 92836 0 0 312503
0 9870891 239 172174 16 99126 0 0 312503
0 14320174 239 192302 16 105416 0 0 312506
0 10309664 239 212432 16 111706 0 0 312499
0 12961166 239 232560 16 117996 0 0 312499
0 12048708 239 252690 16 124286 0 0 312501
0 11218910 239 272818 16 130577 0 0 312506
0 13624065 239 292949 16 136869 0 0 312508
0 9961520 239 313077 16 143159 0 0 312511
0 14451200 239 333206 16 149449 0 0 312499
0 10251893 239 353337 16 155739 0 0 312498
0 13480228 239 373468 16 162029 0 0 312495
0 11472223 239 393596 16 168319 0 0 312495
0 11738978 239 413724 16 174610 0 0 312501
0 13430908 239 433854 16 180900 0 0 312498
0 10205905 239 453980 16 187191 0 0 312509
0 14360036 239 474110 16 193481 0 0 312501
0 9918675 239 494240 16 199771 0 0 312493
0 13989365 239 514366 16 206061 0 0 312496
0 11093675 239 534498 16 212352 0 0 312496
0 12289910 239 554624 16 218641 0 0 312499
0 12946036 239 574754 16 224932 0 0 312504
0 10440670 239 594883 16 231222 0 0 312502
0 14308232 239 615012 16 237513 0 0 312502
0 9812102 239 635140 16 243803 0 0 312506
0 14096453 239 655270 16 250093 0 0 312494
0 10974516 239 675399 16 256383 0 0 312496
0 12610692 239 695529 16 262674 0 0 312501
0 12601311 239 715657 16 268964 0 0 312498
0 10706327 239 735787 16 275254 0 0 312496
0 14026345 239 755915 16 281546 0 0 312508
0 9741624 239 776043 16 287835 0 0 312501
0 14081039 239 796173 16 294125 0 0 312499
0 10401652 239 816301 16 300415 0 0 312496
0 13078270 239 836432 16 306706 0 0 312496
0 11768151 239 856560 16 312996 0 0 312499
0 11297185 239 876688 16 319286 0 0 312501
0 13860268 239 896818 16 325577 0 0 312501
0 9820050 239 916947 16 331867 0 0 312499
0 14415185 239 937076 16 338158 0 0 312506
0 10256766 239 957204 16 344448 0 0 312496
0 13279516 239 977335 16 350739 0 0 312501
0 12126030 239 997463 16 357029 0 0 312504
0 11098633 240 17594 16 363319 0 0 312501
0 14105596 240 37722 16 369609 0 0 312501
0 9846826 240 57850 16 375900 0 0 312506
0 14430227 240 77980 16 382190 0 0 312501
0 10106339 240 98108 16 388482 0 0 312509
0 13233320 240 118238 16 394772 0 0 312508
0 12263887 240 138366 16 401062 0 0 312504
0 11122551 240 158495 16 407352 0 0 312503
0 13834019 240 178628 16 413642 0 0 312496
0 9871039 240 198756 16 419932 0 0 312496
0 14378045 240 218885 16 426222 0 0 312496
0 10194428 240 239012 16 432513 0 0 312503
0 13034476 240 259141 16 438803 0 0 312496
0 11838656 240 279271 16 445093 0 0 312498
0 11502045 240 299401 16 451383 0 0 312485
0 13605191 240 319527 16 457674 0 0 312496
0 9988627 240 339658 16 463964 0 0 312491
0 14492481 240 359784 16 470254 0 0 312496
0 10226745 240 379914 16 476546 0 0 312509
0 13135715 240 400044 16 482835 0 0 312501
0 12073573 240 420172 16 489125 0 0 312504
0 11063427 240 440303 16 495415 0 0 312494
0 14194988 240 460430 16 501705 0 0 312496
0 9758332 240 480558 16 507996 0 0 312504
0 14174965 240 500688 16 514286 0 0 312504
0 10560893 240 520816 16 520576 0 0 312496
0 12633301 240 540946 16 526867 0 0 312502
0 12298619 240 561074 16 533157 0 0 312499
0 10785176 240 581205 16 539448 0 0 312493
0 14118258 240 601333 16 545737 0 0 312496
0 9729100 240 621462 16 552028 0 0 312499
0 14297743 240 641592 16 558318 0 0 312501
0 10696401 240 661721 16 564609 0 0 312503
0 12628417 240 681849 16 570899 0 0 312498
0 12881403 240 701979 16 577190 0 0 312503
0 10399713 240 722107 16 583480 0 0 312503
0 14324783 240 742235 16 589771 0 0 312506
0 9834212 240 762366 16 596060 0 0 312496
0 13974528 240 782494 16 602351 0 0 312501
0 11063291 240 802622 16 608641 0 0 312506
0 11798992 240 822752 16 614931 0 0 312499
0 13341271 240 842880 16 621221 0 0 312501
0 10105274 240 863012 16 627512 0 0 312498
0 14518010 240 883138 16 633803 0 0 312506
0 9971061 240 903269 16 640094 0 0 312504
0 13420010 240 923397 16 646384 0 0 312504
0 12043021 240 943525 16 652674 0 0 312499
0 11063524 240 963655 16 658964 0 0 312506
0 14052284 240 983786 16 665254 0 0 312496
0 9740292 241 3917 16 671546 0 0 312503
0 14384212 241 24045 16 677835 0 0 312501
0 10477347 241 44172 16 684126 0 0 312508
0 12775461 241 64301 16 690415 0 0 312501
0 12545456 241 84431 16 696705 0 0 312490
0 10512920 241 104557 16 702996 0 0 312498
0 14354671 241 124687 16 709286 0 0 312494
0 9761246 241 144818 16 715576 0 0 312490
0 14135510 241 164944 16 721867 0 0 312501
0 11044145 241 185074 16 728158 0 0 312507
0 12111392 241 205202 16 734447 0 0 312496
0 13045442 241 225333 16 740737 0 0 312496
0 10193692 241 245461 16 747027 0 0 312489
0 14433347 241 265591 16 753318 0 0 312499
0 9960864 241 285719 16 759608 0 0 312502
0 13906471 241 305847 16 765899 0 0 312499
0 11255517 241 325978 16 772189 0 0 312498
0 11788283 241 346106 16 778479 0 0 312502
0 13461651 241 366234 16 784770 0 0 312499
0 10038823 241 386364 16 791060 0 0 312494
0 14482289 241 406492 16 797350 0 0 312499
0 10010264 241 426623 16 803640 0 0 312499
0 13525594 241 446751 16 809930 0 0 312499
0 11518220 241 466879 16 816221 0 0 312502
0 11843685 241 487011 16 822512 0 0 312501
0 13432842 241 507137 16 828802 0 0 312499
0 10055256 241 527267 16 835092 0 0 312501
0 14487944 241 547395 16 841382 0 0 312501
0 9971523 241 567526 16 847673 0 0 312496
0 13324447 241 587653 16 853963 0 0 312501
0 11876637 241 607784 16 860253 0 0 312496
0 11293361 241 627912 16 866543 0 0 312501
0 13873909 241 648043 16 872834 0 0 312503
0 9834009 241 668171 16 879125 0 0 312503
0 14509513 241 688299 16 885415 0 0 312504
0 10303407 241 708428 16 891704 0 0 312493
0 13409425 241 728557 16 897996 0 0 312504
0 11846067 241 748685 16 904287 0 0 312509
0 11136676 241 768815 16 910576 0 0 312501
0 13879666 241 788946 16 916867 0 0 312500
0 9670992 241 809077 16 923158 0 0 312506
0 14558878 241 829205 16 929448 0 0 312506
0 10285987 241 849333 16 935738 0 0 312504
0 13118945 241 869462 16 942028 0 0 312496
0 11898588 241 889589 16 948318 0 0 312499
0 11460919 241 909719 16 954608 0 0 312503
0 13724487 241 929849 16 960898 0 0 312491
0 9876331 241 949979 16 967189 0 0 312488
0 14432125 241 970105 16 973480 0 0 312504
0 10171003 241 990234 16 979771 0 0 312507
0 13231861 242 10362 16 986059 0 0 312496
0 11976379 242 30492 16 992350 0 0 312498
0 11396841 242 50621 16 998640 0 0 312496
0 13739832 242 70749 16 1004930 0 0 312499
0 9900027 242 90879 16 1011221 0 0 312498
0 14385222 242 111009 16 1017511 0 0 312499
0 9902823 242 131137 16 1023802 0 0 312507
0 13450645 242 151266 16 1030092 0 0 312504
0 11954377 242 171394 16 1036382 0 0 312496
0 10916408 242 191524 16 1042672 0 0 312489
0 13991941 242 211653 16 1048962 0 0 312498
0 9940506 242 231782 16 1055253 0 0 312499
0 14385561 242 251910 16 1061543 0 0 312501
0 10109636 242 272039 16 1067834 0 0 312504
0 13447270 242 292169 16 1074124 0 0 312499
0 11779141 242 312297 16 1080414 0 0 312502
0 11518997 242 332427 16 1086705 0 0 312499
0 13356761 242 352557 16 1092995 0 0 312498
0 9875772 242 372685 16 1099285 0 0 312498
0 14517128 242 392815 16 1105577 0 0 312508
0 9885738 242 412943 16 1111867 0 0 312509
0 13384014 242 433072 16 1118158 0 0 312509
0 11591427 242 453200 16 1124447 0 0 312504
0 11529668 242 473331 16 1130738 0 0 312503
0 13661596 242 493459 16 1137027 0 0 312501
0 9852901 242 513587 16 1143319 0 0 312509
0 14463920 242 533717 16 1149609 0 0 312504
0 10041300 242 553845 16 1155900 0 0 312512
0 13366091 242 573975 16 1162190 0 0 312509
0 11929186 242 594107 16 1168480 0 0 312496
0 10847827 242 614235 16 1174770 0 0 312496
0 14286878 242 634365 16 1181060 0 0 312491
0 9743333 242 654493 16 1187350 0 0 312496
0 14176693 242 674622 16 1193641 0 0 312496
0 10567740 242 694749 16 1199931 0 0 312504
0 12480531 242 714880 16 1206221 0 0 312490
0 12618755 242 735011 16 1212511 0 0 312488
0 10336914 242 755135 16 1218803 0 0 312499
0 14277986 242 775267 16 1225093 0 0 312496
0 9777925 242 795393 16 1231382 0 0 312501
0 14380648 242 815522 16 1237673 0 0 312504
0 10747016 242 835652 16 1243962 0 0 312498
0 12559172 242 855780 16 1250253 0 0 312502
0 12491241 242 875911 16 1256543 0 0 312498
0 10826597 242 896039 16 1262834 0 0 312499
0 14164159 242 916168 16 1269125 0 0 312507
0 9775942 242 936297 16 1275414 0 0 312506
0 14388714 242 956425 16 1281704 0 0 312489
0 10241581 242 976555 16 1287995 0 0 312498
0 13065212 242 996683 16 1294285 0 0 312499
0 12010072 243 16813 16 1300576 0 0 312498
0 11396369 243 36941 16 1306866 0 0 312506
0 13638283 243 57071 16 1313157 0 0 312503
0 9971343 243 77201 16 1319447 0 0 312503
0 14415352 243 97329 16 1325737 0 0 312499
0 10029647 243 117458 16 1332027 0 0 312494
0 13759318 243 137586 16 1338317 0 0 312501
0 11110768 243 157716 16 1344608 0 0 312503
0 12104398 243 177844 16 1350898 0 0 312501
0 13307213 243 197974 16 1357190 0 0 312508
0 10251620 243 218104 16 1363479 0 0 312498
0 14391959 243 238231 16 1369769 0 0 312499
0 9775554 243 258361 16 1376060 0 0 312499
0 14104094 243 278489 16 1382350 0 0 312502
0 10630091 243 298619 16 1388640 0 0 312498
0 12650049 243 318749 16 1394930 0 0 312498
0 12115443 243 338877 16 1401222 0 0 312508
0 11132060 243 359008 16 1407513 0 0 312506
0 13712745 243 379134 16 1413802 0 0 312504
0 9882617 243 399266 16 1420093 0 0 312496
0 14513581 243 419394 16 1426382 0 0 312499
0 9951236 243 439524 16 1432673 0 0 312500
0 13823768 243 459653 16 1438963 0 0 312498
0 11298470 243 479781 16 1445253 0 0 312498
0 12105861 243 499910 16 1451543 0 0 312498
0 13036584 243 520041 16 1457834 0 0 312501
0 10332568 243 540167 16 1464124 0 0 312494
0 14361860 243 560297 16 1470415 0 0 312496
0 9764339 243 580427 16 1476704 0 0 312490
0 14251011 243 600555 16 1482995 0 0 312496
0 10352732 243 620682 16 1489285 0 0 312502
0 13416387 243 640812 16 1495575 0 0 312498
0 11718183 243 660940 16 1501866 0 0 312502
0 11655008 243 681071 16 1508157 0 0 312504
0 13248087 243 701199 16 1514447 0 0 312507
0 10248588 243 721328 16 1520736 0 0 312499
0 14396705 243 741457 16 1527026 0 0 312494
0 9933682 243 761585 16 1533317 0 0 312498
0 14056267 243 781715 16 1539608 0 0 312507
0 10590897 243 801845 16 1545897 0 0 312494
0 12511404 243 821972 16 1552188 0 0 312499
0 12839621 243 842102 16 1558479 0 0 312504
0 10727479 243 862231 16 1564769 0 0 312498
0 13815426 243 882361 16 1571059 0 0 312494
0 10080346 243 902489 16 1577349 0 0 312494
0 14393973 243 922618 16 1583640 0 0 312504
0 9821444 243 942747 16 1589929 0 0 312499
0 13781424 243 962876 16 1596220 0 0 312498
0 11315298 243 983007 16 1602511 0 0 312496
0 11478457 244 3133 16 1608802 0 0 312512
0 13585142 244 23263 16 1615092 0 0 312503
0 9997150 244 43391 16 1621382 0 0 312501
0 14376052 244 63521 16 1627672 0 0 312499
0 9908514 244 83652 16 1633962 0 0 312498
0 14118423 244 103780 16 1640253 0 0 312503
0 10734448 244 123908 16 1646543 0 0 312499
0 12448770 244 144038 16 1652835 0 0 312513
0 12405828 244 164166 16 1659126 0 0 312514
0 10593375 244 184294 16 1665415 0 0 312509
0 14098225 244 204424 16 1671705 0 0 312498
0 9933310 244 224556 16 1677995 0 0 312495
0 14294623 244 244684 16 1684285 0 0 312495
0 10271905 244 264814 16 1690576 0 0 312500
0 13216753 244 284940 16 1696866 0 0 312506
0 12000417 244 305070 16 1703157 0 0 312503
0 11552824 244 325200 16 1709446 0 0 312496
0 13513711 244 345328 16 1715736 0 0 312489
0 10079190 244 365458 16 1722027 0 0 312486
0 14449084 244 385587 16 1728317 0 0 312490
0 10004525 244 405713 16 1734608 0 0 312501
0 13930544 244 425843 16 1740898 0 0 312504
0 10368033 244 445971 16 1747188 0 0 312504
0 13134419 244 466100 16 1753479 0 0 312506
0 11711850 244 486230 16 1759768 0 0 312494
0 11756480 244 506358 16 1766058 0 0 312493
0 13262381 244 526488 16 1772349 0 0 312502
0 10509301 244 546616 16 1778639 0 0 312502
0 14142550 244 566746 16 1784930 0 0 312502
0 9809478 244 586874 16 1791220 0 0 312504
0 14294239 244 607005 16 1797511 0 0 312496
0 10443342 244 627134 16 1803801 0 0 312498
0 13211235 244 647262 16 1810091 0 0 312498
0 11843702 244 667391 16 1816381 0 0 312493
0 11236313 244 687519 16 1822671 0 0 312501
0 13220587 244 707650 16 1828962 0 0 312503
0 10330306 244 727778 16 1835252 0 0 312501
0 14182910 244 747907 16 1841542 0 0 312498
0 9787262 244 768037 16 1847833 0 0 312498
0 14263386 244 788164 16 1854124 0 0 312504
0 10564963 244 808294 16 1860413 0 0 312496
0 13422722 244 828422 16 1866704 0 0 312502
0 11836160 244 848552 16 1872995 0 0 312504
0 11284391 244 868680 16 1879284 0 0 312501
0 13581993 244 888810 16 1885575 0 0 312503
0 9732853 244 908940 16 1891866 0 0 312503
0 14301563 244 929068 16 1898156 0 0 312503
0 9977895 244 949198 16 1904448 0 0 312513
0 13855656 244 969325 16 1910737 0 0 312507
0 10967371 244 989455 16 1917028 0 0 312503
0 12860324 245 9583 16 1923317 0 0 312506
0 12591200 245 29716 16 1929608 0 0 312498
0 10858710 245 49843 16 1935898 0 0 312498
0 14020192 245 69974 16 1942189 0 0 312505
0 9797667 245 90102 16 1948479 0 0 312503
0 14211319 245 110231 16 1954769 0 0 312498
0 10064457 245 130359 16 1961059 0 0 312498
0 13317145 245 150487 16 1967350 0 0 312496
0 11371019 245 170618 16 1973639 0 0 312490
0 12249216 245 190746 16 1979929 0 0 312488
0 12696238 245 210874 16 1986220 0 0 312498
0 10808283 245 231004 16 1992511 0 0 312502
0 13697538 245 251133 16 1998801 0 0 312499
0 10118033 245 271260 16 2005091 0 0 312499
0 14211271 245 291390 16 2011381 0 0 312496
0 9796556 245 311520 16 2017671 0 0 312498
0 14113369 245 331648 16 2023962 0 0 312501
0 10531431 245 351776 16 2030252 0 0 312496
0 13465106 245 371906 16 2036542 0 0 312502
0 11409648 245 392036 16 2042833 0 0 312504
0 12742177 245 412164 16 2049123 0 0 312499
0 12057737 245 432294 16 2055413 0 0 312494
0 11980733 245 452422 16 2061703 0 0 312496
0 12646782 245 472552 16 2067994 0 0 312496
0 10842409 245 492680 16 2074284 0 0 312499
0 13592797 245 512808 16 2080574 0 0 312501
0 10066164 245 532938 16 2086865 0 0 312499
0 14412358 245 553067 16 2093155 0 0 312498
0 9804987 245 573196 16 2099446 0 0 312504
0 14171133 245 593325 16 2105736 0 0 312501
0 10636934 245 613454 16 2112026 0 0 312499
0 12953490 245 633583 16 2118317 0 0 312506
0 11783041 245 653711 16 2124606 0 0 312501
0 11682820 245 673841 16 2130897 0 0 312501
0 12890874 245 693972 16 2137188 0 0 312503
0 10461662 245 714100 16 2143478 0 0 312503
0 14148243 245 734229 16 2149770 0 0 312508
0 9865715 245 754357 16 2156059 0 0 312504
0 14433084 245 774486 16 2162350 0 0 312504
0 10152790 245 794615 16 2168640 0 0 312504
0 13804962 245 814744 16 2174930 0 0 312504
0 10679499 245 834875 16 2181220 0 0 312496
0 13011424 245 855007 16 2187511 0 0 312502
0 11623325 245 875135 16 2193801 0 0 312500
0 11832514 245 895262 16 2200091 0 0 312498
0 13137402 245 915392 16 2206381 0 0 312495
0 10681930 245 935518 16 2212671 0 0 312491
0 13894609 245 955648 16 2218962 0 0 312498
0 10169131 245 975778 16 2225251 0 0 312486
0 14229575 245 995904 16 2231542 0 0 312496
0 9783598 246 16035 16 2237833 0 0 312498
0 14209770 246 36163 16 2244123 0 0 312502
0 10097375 246 56291 16 2250413 0 0 312502
0 13554046 246 76421 16 2256703 0 0 312499
0 10999362 246 96549 16 2262993 0 0 312499
0 12745875 246 116680 16 2269284 0 0 312504
0 11688034 246 136809 16 2275574 0 0 312498
0 11887250 246 156937 16 2281865 0 0 312501
0 12970006 246 177066 16 2288155 0 0 312507
0 10811081 246 197195 16 2294445 0 0 312498
0 13711954 246 217325 16 2300735 0 0 312494
0 9972274 246 237453 16 2307025 0 0 312494
0 14208110 246 257582 16 2313316 0 0 312498
0 9837620 246 277710 16 2319606 0 0 312501
0 14079893 246 297840 16 2325897 0 0 312503
0 10360339 246 317968 16 2332187 0 0 312501
0 13646540 246 338098 16 2338478 0 0 312506
0 10679540 246 358228 16 2344768 0 0 312498
0 13077867 246 378356 16 2351058 0 0 312499
0 11613690 246 398484 16 2357348 0 0 312501
0 11888200 246 418614 16 2363638 0 0 312501
0 13008316 246 438744 16 2369928 0 0 312498
0 10621530 246 458871 16 2376220 0 0 312506
0 13930236 246 479003 16 2382511 0 0 312505
0 10197958 246 499129 16 2388801 0 0 312506
0 14410702 246 519260 16 2395091 0 0 312503
0 9826173 246 539388 16 2401380 0 0 312496
0 14156350 246 559517 16 2407670 0 0 312496
0 10290862 246 579645 16 2413962 0 0 312506
0 13697885 246 599775 16 2420253 0 0 312508
0 10904351 246 619903 16 2426541 0 0 312501
0 12696170 246 640033 16 2432833 0 0 312511
0 12120532 246 660165 16 2439123 0 0 312493
0 11663566 246 680293 16 2445413 0 0 312494
0 13190680 246 700423 16 2451704 0 0 312493
0 10598527 246 720548 16 2457994 0 0 312501
0 14172671 246 740679 16 2464284 0 0 312503
0 10124634 246 760810 16 2470573 0 0 312495
0 14304793 246 780936 16 2476865 0 0 312498
0 9949363 246 801066 16 2483156 0 0 312498
0 14078673 246 821196 16 2489445 0 0 312500
0 10505462 246 841324 16 2495735 0 0 312493
0 13175165 246 861452 16 2502026 0 0 312504
0 11679453 246 881582 16 2508316 0 0 312501
0 12309524 246 901710 16 2514606 0 0 312499
0 12555042 246 921841 16 2520896 0 0 312491
0 10812151 246 941968 16 2527187 0 0 312501
0 13820410 246 962097 16 2533477 0 0 312509
0 9895458 246 982225 16 2539767 0 0 312496
0 14115507 247 2355 16 2546058 0 0 312496
0 10124982 247 22483 16 2552347 0 0 312499
0 13848166 247 42613 16 2558638 0 0 312501
0 10880811 247 62743 16 2564928 0 0 312493
0 12792896 247 82871 16 2571219 0 0 312501
0 12107974 247 103003 16 2577510 0 0 312501
0 11500108 247 123128 16 2583800 0 0 312507
0 13191992 247 143259 16 2590090 0 0 312498
0 10434559 247 163387 16 2596380 0 0 312501
0 14002935 247 183516 16 2602670 0 0 312498
0 9824858 247 203644 16 2608960 0 0 312496
0 14269312 247 223774 16 2615251 0 0 312503
0 10312270 247 243902 16 2621540 0 0 312496
0 13856093 247 264032 16 2627833 0 0 312511
0 10388895 247 284160 16 2634123 0 0 312506
0 13326866 247 304290 16 2640413 0 0 312502
0 11460512 247 324421 16 2646703 0 0 312496
0 12012785 247 344549 16 2652993 0 0 312499
0 12951602 247 364677 16 2659284 0 0 312504
0 10779440 247 384806 16 2665575 0 0 312509
0 13990958 247 404936 16 2671865 0 0 312506
0 10166543 247 425063 16 2678155 0 0 312506
0 14133651 247 445196 16 2684446 0 0 312508
0 10012488 247 465324 16 2690735 0 0 312491
0 14198062 247 485455 16 2697026 0 0 312493
0 9968686 247 505581 16 2703316 0 0 312498
0 13904326 247 525709 16 2709606 0 0 312501
0 10570954 247 545839 16 2715896 0 0 312498
0 13009221 247 565969 16 2722187 0 0 312495
0 11710437 247 586097 16 2728477 0 0 312493
0 11982352 247 606227 16 2734768 0 0 312498
0 12774433 247 626357 16 2741057 0 0 312488
0 10805785 247 646483 16 2747348 0 0 312499
0 13537781 247 666613 16 2753639 0 0 312506
0 10264109 247 686741 16 2759928 0 0 312499
0 14149704 247 706870 16 2766219 0 0 312501
0 10158169 247 726998 16 2772509 0 0 312501
0 14227488 247 747129 16 2778800 0 0 312506
0 10120181 247 767258 16 2785090 0 0 312501
0 14046960 247 787386 16 2791380 0 0 312501
0 10734176 247 807516 16 2797670 0 0 312496
0 13035347 247 827644 16 2803960 0 0 312504
0 11875068 247 847774 16 2810251 0 0 312498
0 11518232 247 867902 16 2816540 0 0 312491
0 13121826 247 888032 16 2822832 0 0 312503
0 11011990 247 908159 16 2829122 0 0 312501
0 13589374 247 928289 16 2835412 0 0 312498
0 10297822 247 948417 16 2841702 0 0 312496
0 14152428 247 968547 16 2847993 0 0 312501
0 10018948 247 988675 16 2854282 0 0 312496
0 14125149 248 8805 16 2860573 0 0 312501
0 10138914 248 28933 16 2866864 0 0 312506
0 13627756 248 49063 16 2873154 0 0 312501
0 10901799 248 69193 16 2879445 0 0 312508
0 12815144 248 89321 16 2885735 0 0 312501
0 12358444 248 109451 16 2892025 0 0 312496
0 11578436 248 129579 16 2898315 0 0 312499
0 13057655 248 149709 16 2904606 0 0 312501
0 10724056 248 169837 16 2910896 0 0 312499
0 13760679 248 189967 16 2917188 0 0 312511
0 10028523 248 210094 16 2923478 0 0 312511
0 14383250 248 230225 16 2929768 0 0 312501
0 10153454 248 250352 16 2936057 0 0 312501
0 14000488 248 270485 16 2942348 0 0 312496
0 10315447 248 290613 16 2948638 0 0 312496
0 13378085 248 310743 16 2954929 0 0 312501
0 11283733 248 330869 16 2961219 0 0 312504
0 12143214 248 351003 16 2967510 0 0 312498
0 12368712 248 371127 16 2973799 0 0 312499
0 11450115 248 391257 16 2980090 0 0 312494
0 13131530 248 411387 16 2986379 0 0 312485
0 10707945 248 431517 16 2992670 0 0 312491
0 14163509 248 451643 16 2998961 0 0 312503
0 9984629 248 471771 16 3005251 0 0 312506
0 14269189 248 491901 16 3011540 0 0 312498
0 10038903 248 512029 16 3017831 0 0 312501
0 13838697 248 532159 16 3024122 0 0 312499
0 10701165 248 552287 16 3030411 0 0 312499
0 13122822 248 572417 16 3036702 0 0 312499
0 11466293 248 592547 16 3042992 0 0 312494
0 12376606 248 612675 16 3049282 0 0 312502
0 12351277 248 632805 16 3055573 0 0 312502
0 11324137 248 652933 16 3061864 0 0 312499
0 13443871 248 673063 16 3068154 0 0 312496
0 10318126 248 693190 16 3074444 0 0 312506
0 14266455 248 713321 16 3080734 0 0 312496
0 9924184 248 733448 16 3087024 0 0 312496
0 14138796 248 753579 16 3093315 0 0 312503
0 10264837 248 773707 16 3099605 0 0 312501
0 13481031 248 793836 16 3105895 0 0 312501
0 10909601 248 813965 16 3112186 0 0 312504
0 12736040 248 834094 16 3118477 0 0 312506
0 11794138 248 854222 16 3124767 0 0 312501
0 11850503 248 874352 16 3131057 0 0 312501
0 13090752 248 894480 16 3137346 0 0 312494
0 10642818 248 914610 16 3143637 0 0 312501
0 13731358 248 934738 16 3149928 0 0 312504
0 10112020 248 954869 16 3156218 0 0 312499
0 14171952 248 974998 16 3162509 0 0 312501
0 9923374 248 995125 16 3168800 0 0 312511
0 13866928 249 15255 16 3175091 0 0 312509
0 10621781 249 35383 16 3181380 0 0 312501
0 13515070 249 55513 16 3187670 0 0 312498
0 11257584 249 75645 16 3193960 0 0 312495
0 12551975 249 95773 16 3200251 0 0 312505
0 12260950 249 115904 16 3206541 0 0 312500
0 11374244 249 136032 16 3212832 0 0 312500
0 13312704 249 156161 16 3219122 0 0 312500
0 10525301 249 176287 16 3225412 0 0 312502
0 13989766 249 196417 16 3231702 0 0 312491
0 10160041 249 216546 16 3237992 0 0 312488
0 14163162 249 236674 16 3244282 0 0 312493
0 10094299 249 256804 0 3250572 0 0 312493
0 13975564 249 276932 0 3256852 0 0 312449
0 10626239 249 297061 0 3263120 0 0 312334
0 13103703 249 317189 0 3269376 0 0 312168
0 11273823 249 337319 0 3275620 0 0 311931
0 12123206 249 357449 0 3281852 0 0 311645
0 12711415 249 377578 0 3288073 0 0 311294
0 10973588 249 397706 0 3294282 0 0 310896
0 13835575 249 417835 0 3300480 0 0 310439
0 9924967 249 437965 0 3306666 0 0 309919
0 14304363 249 458093 0 3312839 0 0 309341
0 10247696 249 478221 0 3319001 0 0 308755
0 13220706 249 498352 0 3325151 0 0 308166
0 11459842 249 518480 0 3331289 0 0 307580
0 11859999 249 538609 0 3337416 0 0 307000
0 13238578 249 558737 0 3343531 0 0 306420
0 10438461 249 578867 0 3349633 0 0 305829
0 14139894 249 598996 0 3355725 0 0 305246
0 9947844 249 619126 0 3361805 0 0 304658
0 14225057 249 639254 0 3367872 0 0 304070
0 10664075 249 659382 0 3373928 0 0 303489
0 12929795 249 679512 0 3379971 0 0 302895
0 12313386 249 699641 0 3386004 0 0 302317
0 11029736 249 719769 0 3392025 0 0 301735
0 13812293 249 739899 0 3398033 0 0 301143
0 9855596 249 760027 0 3404030 0 0 300556
0 14364044 249 780158 0 3410016 0 0 299979
0 10183123 249 800286 0 3415988 0 0 299384
0 13495946 249 820414 0 3421951 0 0 298806
0 12027238 249 840545 0 3427900 0 0 298215
0 11306890 249 860673 0 3433838 0 0 297629
0 13719946 249 880801 0 3439764 0 0 297051
0 9900262 249 900934 0 3445678 0 0 296453
0 14204760 249 921062 0 3451581 0 0 295867
0 10462082 249 941192 0 3457472 0 0 295286
0 12697982 249 961318 0 3463350 0 0 294698
0 12419937 249 981448 0 3469217 0 0 294109
0 10840396 250 1579 0 3475072 0 0 293522
0 14116566 250 21705 0 3480915 0 0 292929
0 9934262 250 41833 0 3486748 0 0 292357
0 14013332 250 61966 0 3492568 0 0 291764
0 10985538 250 82092 0 3498375 0 0 291175
0 11926843 250 102220 0 3504173 0 0 290606
0 13346456 250 122350 0 3509956 0 0 290007
0 9983875 250 142479 0 3515729 0 0 289423
0 14362612 250 162610 0 3521490 0 0 288836
0 10557814 250 182738 0 3527239 0 0 288251
0 12646361 250 202866 0 3532977 0 0 287675
0 12793406 250 222996 0 3538703 0 0 287087
0 10393371 250 243124 0 3544416 0 0 286491
0 14160037 250 263254 0 3550119 0 0 285914
0 10038703 250 283382 0 3555808 0 0 285325
0 13292411 250 303511 0 3561487 0 0 284732
0 12255079 250 323641 0 3567153 0 0 284151
0 10682549 250 343769 0 3572808 0 0 283566
0 14288103 250 363898 0 3578451 0 0 282981
0 10008028 250 384028 0 3584083 0 0 282397
0 13430338 250 404156 0 3589702 0 0 281806
0 12266305 250 424285 0 3595310 0 0 281223
0 10594542 250 444413 0 3600906 0 0 280641
0 14385930 250 464544 0 3606490 0 0 280049
0 10293573 250 484672 0 3612062 0 0 279467
0 12814296 250 504800 0 3617623 0 0 278883
0 13035430 250 524930 0 3623172 0 0 278301
0 10079148 250 545058 0 3628709 0 0 277715
0 14299374 250 565187 0 3634234 0 0 277129
0 10772944 250 585318 0 3639747 0 0 276538
0 11768092 250 605446 0 3645248 0 0 275951
0 13652831 250 625576 0 3650740 0 0 275372
0 9738754 250 645704 0 3656217 0 0 274781
0 13910289 250 665832 0 3661684 0 0 274204
0 11712703 250 685963 0 3667138 0 0 273614
0 11035521 250 706093 0 3672580 0 0 273020
0 14347714 250 726224 0 3678011 0 0 272434
0 10049190 250 746352 0 3683430 0 0 271848
0 13198392 250 766478 0 3688837 0 0 271264
0 12809256 250 786608 0 3694233 0 0 270683
0 9948461 250 806738 0 3699615 0 0 270089
0 14296707 250 826864 0 3704988 0 0 269504
0 11163060 250 846994 0 3710348 0 0 268920
0 11387749 250 867124 0 3715696 0 0 268327
0 13886816 250 887253 0 3721033 0 0 267748
0 9674104 250 907381 0 3726357 0 0 267164
0 13251833 250 927509 0 3731670 0 0 266581
0 12713230 250 947640 0 3736971 0 0 265991
0 9985315 250 967768 0 3742260 0 0 265403
0 14493938 250 987898 0 3747538 0 0 264817
0 10583293 251 8026 0 3752804 0 0 264243
0 11915138 251 28154 0 3758058 0 0 263649
0 13824812 251 48285 0 3763300 0 0 263062
0 9800839 251 68413 0 3768530 0 0 262478
0 13012272 251 88541 0 3773749 0 0 261893
0 13276756 251 108671 0 3778955 0 0 261305
0 9740162 251 128799 0 3784150 0 0 260718
0 13900141 251 148928 0 3789334 0 0 260140
0 11690859 251 169058 0 3794505 0 0 259551
0 10621155 251 189186 0 3799665 0 0 258967
0 14570355 251 209316 0 3804812 0 0 258374
0 10678325 251 229444 0 3809948 0 0 257787
0 11651692 251 249575 0 3815073 0 0 257206
0 14154178 251 269703 0 3820185 0 0 256620
0 9852350 251 289831 0 3825286 0 0 256034
0 12744252 251 309962 0 3830376 0 0 255456
0 13556354 251 330090 0 3835452 0 0 254865
0 9736402 251 350219 0 3840518 0 0 254279
0 13728533 251 370350 0 3845571 0 0 253692
0 12890389 251 390478 0 3850612 0 0 253101
0 9750430 251 410606 0 3855643 0 0 252526
0 13958265 251 430734 0 3860661 0 0 251940
0 12058015 251 450865 0 3865668 0 0 251354
0 10257163 251 470993 0 3870662 0 0 250768
0 14374140 251 491121 0 3875645 0 0 250181
0 11410351 251 511254 0 3880616 0 0 249588
0 10316815 251 531384 0 3885574 0 0 249000
0 14434657 251 551512 0 3890522 0 0 248415
0 11138396 251 571640 0 3895457 0 0 247831
0 10932144 251 591770 0 3900381 0 0 247247
0 14484415 251 611896 0 3905292 0 0 246654
0 10705193 251 632025 0 3910194 0 0 246077
0 11498523 251 652157 0 3915081 0 0 245479
0 14400929 251 672285 0 3919957 0 0 244893
0 10595977 251 692414 0 3924823 0 0 244310
0 11327233 251 712540 0 3929676 0 0 243733
0 14321901 251 732671 0 3934517 0 0 243149
0 10166412 251 752799 0 3939346 0 0 242558
0 11574843 251 772930 0 3944164 0 0 241974
0 14462344 251 793058 0 3948970 0 0 241392
0 10290074 251 813186 0 3953764 0 0 240808
0 11491638 251 833315 0 3958546 0 0 240211
0 14240719 251 853444 0 3963316 0 0 239633
0 10480477 251 873572 0 3968075 0 0 239052
0 11879755 251 893702 0 3972822 0 0 238459
0 14177119 251 913830 0 3977557 0 0 237871
0 10473880 251 933961 0 3982281 0 0 237290
0 11754388 251 954089 0 3986992 0 0 236703
0 14285486 251 974217 0 3991692 0 0 236119
0 10583785 251 994348 0 3996379 0 0 235526
0 11262291 252 14476 0 4001055 0 0 234938
0 14435941 252 34604 0 4005720 0 0 234360
0 10573291 252 54735 0 4010372 0 0 233771
0 11018308 252 74863 0 4015013 0 0 233185
0 14552113 252 94991 0 4019643 0 0 232606
0 11014666 252 115121 0 4024260 0 0 232017
0 10620497 252 135249 0 4028865 0 0 231430
0 14325942 252 155379 0 4033459 0 0 230846
0 11640016 252 175508 0 4038040 0 0 230254
0 10170549 252 195636 0 4042610 0 0 229675
0 14283559 252 215766 0 4047168 0 0 229087
0 12060594 252 235894 0 4051715 0 0 228501
0 9861502 252 256024 0 4056251 0 0 227926
0 13886958 252 276153 0 4060773 0 0 227334
0 13015908 252 296281 0 4065284 0 0 226742
0 9702776 252 316414 0 4069783 0 0 226153
0 13069347 252 336542 0 4074270 0 0 225567
0 13581474 252 356673 0 4078746 0 0 224981
0 9743902 252 376798 0 4083210 0 0 224403
0 12241545 252 396929 0 4087662 0 0 223813
0 14241173 252 417056 0 4092102 0 0 223231
0 10112044 252 437185 0 4096531 0 0 222643
0 11227038 252 457316 0 4100947 0 0 222046
0 14508788 252 477444 0 4105352 0 0 221465
0 11066793 252 497574 0 4109745 0 0 220877
0 10574151 252 517701 0 4114126 0 0 220297
0 14468378 252 537829 0 4118496 0 0 219716
0 11827214 252 557959 0 4122854 0 0 219130
0 9833808 252 578088 0 4127200 0 0 218540
0 14002106 252 598216 0 4131534 0 0 217957
0 13123230 252 618347 0 4135856 0 0 217367
0 9663068 252 638475 0 4140166 0 0 216777
0 12072777 252 658603 0 4144465 0 0 216199
0 14392535 252 678733 0 4148752 0 0 215610
0 10551125 252 698862 0 4153027 0 0 215025
0 10666931 252 718990 0 4157291 0 0 214443
0 14558899 252 739120 0 4161543 0 0 213855
0 12071486 252 759248 0 4165782 0 0 213265
0 9683617 252 779379 0 4170010 0 0 212677
0 13656788 252 799507 0 4174226 0 0 212091
0 13254331 252 819636 0 4178431 0 0 211512
0 9595146 252 839766 0 4182624 0 0 210928
0 12492267 252 859894 0 4186804 0 0 210337
0 14057747 252 880024 0 4190974 0 0 209756
0 10706484 252 900152 0 4195131 0 0 209171
0 10170583 252 920280 0 4199276 0 0 208580
0 14099415 252 940410 0 4203410 0 0 207993
0 13332809 252 960538 0 4207532 0 0 207412
0 9699878 252 980669 0 4211642 0 0 206826
0 11526586 253 797 0 4215741 0 0 206245
0 14610933 253 20925 0 4219828 0 0 205658
0 11501362 253 41056 0 4223902 0 0 205067
0 9914366 253 61184 0 4227966 0 0 204491
0 13871321 253 81314 0 4232017 0 0 203900
0 13468311 253 101442 0 4236056 0 0 203314
0 9701821 253 121570 0 4240083 0 0 202727
0 11639728 253 141702 0 4244099 0 0 202139
0 14695615 253 161831 0 4248102 0 0 201547
0 11486340 253 181961 0 4252095 0 0 200967
0 9785661 253 202087 0 4256075 0 0 200378
0 13519155 253 222217 0 4260044 0 0 199789
0 13992690 253 242347 0 4264000 0 0 199204
0 10108712 253 262474 0 4267945 0 0 198614
0 11053782 253 282604 0 4271879 0 0 198033
0 14473677 253 302734 0 4275800 0 0 197445
0 12896763 253 322861 0 4279710 0 0 196864
0 9830331 253 342991 0 4283608 0 0 196280
0 12101239 253 363119 0 4287494 0 0 195700
0 14585324 253 383247 0 4291368 0 0 195110
0 11370886 253 403377 0 4295230 0 0 194520
0 9856352 253 423507 0 4299081 0 0 193935
0 13271467 253 443636 0 4302920 0 0 193354
0 14131912 253 463764 0 4306747 0 0 192767
0 10502632 253 483893 0 4310562 0 0 192176
0 10378432 253 504022 0 4314366 0 0 191596
0 14002847 253 524151 0 4318158 0 0 191008
0 13457896 253 544279 0 4321937 0 0 190419
0 9821234 253 564409 0 4325705 0 0 189831
0 11346511 253 584538 0 4329462 0 0 189248
0 14647630 253 604666 0 4333206 0 0 188664
0 12357660 253 624797 0 4336939 0 0 188077
0 9516186 253 644925 0 4340660 0 0 187492
0 12361700 253 665054 0 4344370 0 0 186909
0 14644699 253 685183 0 4348067 0 0 186323
0 11871102 253 705311 0 4351752 0 0 185733
0 9650641 253 725441 0 4355426 0 0 185146
0 12284691 253 745569 0 4359088 0 0 184565
0 14273668 253 765698 0 4362739 0 0 183984
0 11857703 253 785828 0 4366377 0 0 183392
0 10216843 253 805956 0 4370004 0 0 182811
0 12484140 253 826087 0 4373619 0 0 182225
0 14047568 253 846215 0 4377222 0 0 181639
0 11784180 253 866345 0 4380814 0 0 181051
0 9869498 253 886473 0 4384393 0 0 180466
0 12183483 253 906601 0 4387961 0 0 179885
0 14469967 253 926731 0 4391516 0 0 179294
0 11948368 253 946862 0 4395060 0 0 178705
0 9643091 253 966990 0 4398593 0 0 178119
0 12234093 253 987121 0 4402113 0 0 177533
0 14566429 254 7246 0 4405622 0 0 176949
0 12187781 254 27377 0 4409119 0 0 176362
0 9757636 254 47506 0 4412603 0 0 175770
0 12043217 254 67635 0 4416077 0 0 175185
0 14621199 254 87765 0 4419539 0 0 174602
0 12842822 254 107895 0 4422988 0 0 174009
0 9535611 254 128021 0 4426427 0 0 173436
0 11197841 254 148149 0 4429853 0 0 172853
0 14491072 254 168280 0 4433267 0 0 172259
0 13404931 254 188408 0 4436669 0 0 171674
0 10039873 254 208536 0 4440060 0 0 171086
0 10328534 254 228667 0 4443439 0 0 170500
0 13995903 254 248795 0 4446806 0 0 169920
0 14339422 254 268923 0 4450162 0 0 169334
0 11355425 254 289053 0 4453505 0 0 168743
0 9677470 254 309181 0 4456837 0 0 168164
0 12394187 254 329311 0 4460157 0 0 167569
0 14483719 254 349440 0 4463465 0 0 166982
0 12272273 254 369568 0 4466762 0 0 166403
0 9825234 254 389698 0 4470046 0 0 165816
0 11433044 254 409826 0 4473319 0 0 165229
0 14120673 254 429957 0 4476581 0 0 164648
0 13576387 254 450085 0 4479830 0 0 164062
0 10200361 254 470213 0 4483068 0 0 163476
0 10140369 254 490343 0 4486293 0 0 162889
0 13280950 254 510471 0 4489507 0 0 162303
0 14568135 254 530601 0 4492709 0 0 161717
0 11872161 254 550730 0 4495899 0 0 161131
0 9520312 254 570858 0 4499078 0 0 160544
0 11303107 254 590988 0 4502245 0 0 159963
0 14464243 254 611116 0 4505400 0 0 159377
0 13744076 254 631245 0 4508543 0 0 158787
0 10100994 254 651376 0 4511674 0 0 158199
0 9846830 254 671504 0 4514794 0 0 157613
0 12659898 254 691632 0 4517902 0 0 157033
0 14638157 254 711762 0 4520998 0 0 156445
0 12105562 254 731891 0 4524082 0 0 155860
0 9628628 254 752023 0 4527155 0 0 155276
0 10493234 254 772151 0 4530215 0 0 154685
0 13953472 254 792279 0 4533264 0 0 154100
0 14342952 254 812409 0 4536301 0 0 153513
0 11057929 254 832538 0 4539326 0 0 152926
0 9793923 254 852665 0 4542339 0 0 152344
0 11990804 254 872794 0 4545341 0 0 151756
0 14560086 254 892925 0 4548331 0 0 151168
0 13661304 254 913055 0 4551309 0 0 150582
0 10527948 254 933181 0 4554276 0 0 150002
0 9790697 254 953309 0 4557230 0 0 149414
0 12616355 254 973439 0 4560172 0 0 148827
0 14737287 254 993567 0 4563103 0 0 148240
0 13302218 255 13697 0 4566022 0 0 147653
0 10271454 255 33827 0 4568929 0 0 147068
0 9873342 255 53955 0 4571825 0 0 146485
0 12610292 255 74084 0 4574709 0 0 145899
0 14697087 255 94212 0 4577581 0 0 145315
0 13004860 255 114343 0 4580441 0 0 144728
0 9881551 255 134471 0 4583289 0 0 144135
0 9952625 255 154599 0 4586126 0 0 143554
0 12675224 255 174729 0 4588951 0 0 142973
0 14787876 255 194857 0 4591763 0 0 142382
0 13103234 255 214988 0 4594565 0 0 141800
0 10095330 255 235117 0 4597354 0 0 141214
0 9682132 255 255246 0 4600132 0 0 140627
0 12430005 255 275374 0 4602898 0 0 140042
0 14691191 255 295502 0 4605652 0 0 139455
0 13386845 255 315632 0 4608394 0 0 138870
0 10252632 255 335761 0 4611124 0 0 138283
0 9713560 255 355891 0 4613843 0 0 137695
0 12106384 255 376019 0 4616550 0 0 137111
0 14558046 255 396149 0 4619245 0 0 136528
0 13952300 255 416277 0 4621928 0 0 135939
0 11200322 255 436405 0 4624600 0 0 135358
0 9447040 255 456535 0 4627260 0 0 134771
0 11110336 255 476663 0 4629907 0 0 134180
0 14046315 255 496793 0 4632544 0 0 133598
0 14541601 255 516922 0 4635169 0 0 133017
0 12202811 255 537050 0 4637781 0 0 132431
0 9781896 255 557183 0 4640381 0 0 131838
0 10084804 255 577311 0 4642970 0 0 131252
0 12419244 255 597442 0 4645547 0 0 130666
0 14697989 255 617568 0 4648113 0 0 130085
0 13704582 255 637698 0 4650666 0 0 129493
0 10986273 255 657825 0 4653208 0 0 128909
0 9472620 255 677954 0 4655738 0 0 128327
0 11063403 255 698086 0 4658256 0 0 127734
0 13880613 255 718213 0 4660763 0 0 127149
0 14688416 255 738343 0 4663257 0 0 126562
0 12420936 255 758469 0 4665740 0 0 125985
0 9847038 255 778599 0 4668211 0 0 125397
0 9773278 255 798727 0 4670670 0 0 124812
0 11721280 255 818858 0 4673117 0 0 124219
0 14396414 255 838986 0 4675553 0 0 123639
0 14407805 255 859114 0 4677977 0 0 123051
0 12031885 255 879244 0 4680389 0 0 122465
0 9712112 255 899373 0 4682789 0 0 121881
0 10030918 255 919501 0 4685178 0 0 121294
0 12635727 255 939631 0 4687554 0 0 120708
0 14621879 255 959759 0 4689919 0 0 120120
0 14132356 255 979889 0 4692272 0 0 119534
0 11583307 256 18 0 4694614 0 0 118953
0 9704593 256 20149 0 4696944 0 0 118372
0 10112070 256 40277 0 4699261 0 0 117780
0 12766759 256 60405 0 4701567 0 0 117194
0 14546056 256 80534 0 4703861 0 0 116608
0 13891218 256 100663 4 4706143 0 0 116022
0 11935397 256 120793 0 4708414 0 0 115434
0 10431065 256 140921 0 4710673 0 0 114854
0 9932331 256 161049 0 4712920 0 0 114268
0 11454504 256 181179 0 4715155 0 0 113682
0 13844801 256 201308 4 4717378 0 0 113090
0 14727394 256 221438 0 4719590 0 0 112504
0 13057106 256 241566 0 4721790 0 0 111923
0 10366416 256 261694 0 4723978 0 0 111337
0 9412387 256 281824 0 4726154 0 0 110751
0 10612096 256 301953 0 4728319 0 0 110169
0 13300008 256 322083 0 4730472 0 0 109583
0 14717542 256 342211 0 4732612 0 0 108992
0 14207313 256 362344 0 4734741 0 0 108404
0 11914172 256 382472 0 4736858 0 0 107819
0 9949490 256 402601 0 4738964 0 0 107237
0 9634683 256 422730 0 4741058 0 0 106651
0 11611442 256 442857 0 4743139 0 0 106061
0 13758074 256 462986 0 4745210 0 0 105479
0 14788907 256 483116 0 4747268 0 0 104892
0 13880246 256 503242 0 4749314 0 0 104303
0 11330486 256 523373 0 4751349 0 0 103716
0 9814787 256 543503 0 4753372 0 0 103134
0 9724865 256 563629 0 4755383 0 0 102551
0 11796291 256 583759 0 4757382 0 0 101963
0 13967169 256 603888 0 4759370 0 0 101377
0 14749749 256 624018 0 4761346 0 0 100791
0 13843415 256 644146 0 4763310 0 0 100209
0 11332348 256 664274 0 4765262 0 0 99618
0 9767277 256 684405 0 4767202 0 0 99032
0 9737751 256 704533 0 4769131 0 0 98449
0 11307610 256 724661 0 4771047 0 0 97860
0 13733359 256 744791 0 4772952 0 0 97274
0 14779695 256 764921 0 4774846 0 0 96691
0 14109288 256 785049 0 4776727 0 0 96106
0 12187425 256 805179 0 4778597 0 0 95519
0 10092349 256 825307 0 4780454 0 0 94929
0 9409053 256 845438 0 4782301 0 0 94346
0 10294705 256 865566 0 4784135 0 0 93760
0 12278863 256 885694 0 4785957 0 0 93175
0 14317602 256 905824 0 4787768 0 0 92587
0 14835405 256 925952 0 4789567 0 0 92006
0 13893080 256 946082 0 4791354 0 0 91420
0 11787135 256 966210 0 4793130 0 0 90834
0 9918827 256 986338 0 4794893 0 0 90248
0 9373669 257 6469 0 4796645 0 0 89661
0 10472422 257 26597 0 4798385 0 0 89080
0 12282903 257 46727 0 4800113 0 0 88489
0 14183666 257 66855 0 4801829 0 0 87903
0 14834814 257 86983 0 4803534 0 0 87322
0 14223539 257 107113 0 4805227 0 0 86736
0 12350997 257 127241 0 4806908 0 0 86150
0 10357621 257 147371 0 4808577 0 0 85564
0 9432541 257 167501 0 4810234 0 0 84972
0 9826711 257 187632 0 4811880 0 0 84389
0 11570565 257 207762 0 4813514 0 0 83804
0 13588233 257 227890 0 4815136 0 0 83217
0 14712192 257 248018 0 4816746 0 0 82632
0 14693282 257 268147 0 4818345 0 0 82050
0 13301821 257 288277 0 4819931 0 0 81458
0 11312374 257 308403 0 4821506 0 0 80873
0 9904190 257 328534 0 4823069 0 0 80286
0 9466731 257 348663 0 4824620 0 0 79700
0 10273307 257 368790 0 4826160 0 0 79120
0 11841803 257 388918 0 4827688 0 0 78535
0 13373572 257 409048 0 4829203 0 0 77943
0 14598252 257 429176 0 4830707 0 0 77357
0 14641626 257 449306 0 4832200 0 0 76775
0 13508366 257 469435 0 4833680 0 0 76184
0 11992598 257 489563 0 4835149 0 0 75604
0 9972472 257 509694 0 4836606 0 0 75016
0 9407167 257 529822 0 4838051 0 0 74431
0 9625636 257 549950 0 4839484 0 0 73845
0 11047368 257 570081 0 4840906 0 0 73257
0 12254488 257 590210 0 4842316 0 0 72671
0 14074174 257 610340 0 4843714 0 0 72090
0 14816135 257 630468 0 4845100 0 0 71503
0 14566676 257 650596 0 4846474 0 0 70913
0 13634449 257 670726 0 4847837 0 0 70331
0 12181852 257 690854 0 4849187 0 0 69740
0 10569871 257 710982 0 4850527 0 0 69160
0 9535561 257 731112 0 4851854 0 0 68573
0 9422848 257 751241 0 4853169 0 0 67986
0 10115063 257 771369 0 4854473 0 0 67401
0 11325697 257 791499 0 4855765 0 0 66814
0 12629993 257 811628 0 4857045 0 0 66228
0 14090578 257 831756 0 4858313 0 0 65642
0 14839857 257 851886 0 4859570 0 0 65060
0 14789515 257 872014 0 4860814 0 0 64470
0 13972160 257 892145 0 4862047 0 0 63888
0 12927095 257 912273 0 4863268 0 0 63296
0 11287486 257 932401 0 4864478 0 0 62716
0 9890305 257 952533 0 4865675 0 0 62129
0 9474230 257 972661 0 4866861 0 0 61543
0 9533491 257 992791 0 4868035 0 0 60957
0 10507806 258 12921 0 4869197 0 0 60370
0 11923790 258 33049 0 4870347 0 0 59784
0 12803754 258 53178 0 4871486 0 0 59198
0 13898976 258 73307 0 4872612 0 0 58611
0 14794149 258 93434 0 4873727 0 0 58026
0 14826460 258 113564 0 4874831 0 0 57444
0 14377926 258 133694 0 4875922 0 0 56852
0 13243346 258 153823 0 4877001 0 0 56267
0 12282083 258 173951 0 4878069 0 0 55681
0 10788935 258 194079 0 4879125 0 0 55095
0 9719168 258 214207 0 4880169 0 0 54509
0 9373556 258 234337 0 4881202 0 0 53927
0 9598005 258 254465 0 4882222 0 0 53336
0 10183686 258 274595 0 4883231 0 0 52755
0 11358711 258 294723 0 4884228 0 0 52168
0 12528783 258 314854 0 4885214 0 0 51582
0 13627311 258 334982 0 4886187 0 0 50997
0 14155957 258 355110 4 4887146 0 0 50401
0 14468476 258 375242 4 4888050 0 0 49585
0 14711448 258 395370 4 4888888 0 0 48502
0 14835147 258 415498 4 4889660 0 0 47151
0 14805553 258 435629 4 4890366 0 0 45526
0 14583256 258 455757 4 4891006 0 0 43638
0 14569327 258 475886 0 4891581 0 0 41482
0 14478746 258 496015 0 4892089 0 0 39053
0 14369039 258 516143 0 4892531 0 0 36351
0 14407048 258 536272 0 4892907 0 0 33385
0 14566241 258 556402 0 4893217 0 0 30160
0 14725004 258 576530 0 4893462 0 0 26887
0 14824946 258 596658 0 4893640 0 0 23608
0 14865202 258 616789 0 4893752 0 0 20329
0 14466705 258 636917 0 4893799 0 0 17055
0 13913065 258 657045 32 4893801 0 0 13885
0 13394314 258 677175 32 4893801 0 0 11029
